1037508958 9
184090414 13
2322512349 0
2593619610 0
2535901933 0
478248357 19
1128744089 0
2747468607 21
4074147081 0
685597597 0
3548352931 0
1901043715 0
4148803665 0
793323961 0
2623512441 19
3574888397 0
2633635369 0
1452365444 0
2678524281 0
1009310420 0
431108887 0
233184470 19
673444112 0
2356561134 0
1620179565 0
425122371 0
3307072449 0
2788563137 0
1394443651 0
2731592239 0
2641047184 0
3509578028 0
2389931074 0
4223369662 2
3974573611 0
2598169446 0
453526323 0
2653285978 0
2143157341 0
3158002817 0
2341585070 0
1618280276 0
3100567977 0
3941489409 0
739707997 2
3317070418 0
2809598621 0
3236900573 0
447758388 0
2321708480 0
2134409940 0
1348569198 0
3489564874 0
1007521363 0
3570602342 0
69749564 0
2204626427 0
196403537 0
2684034262 0
724344157 0
753385518 0
1158987573 0
347438589 0
4177149954 0
1378556949 0
1518611574 0
3332380692 0
2817811031 0
2729970765 0
3028419024 0
1868527415 21
3966085242 0
1533580676 0
3227222573 21
3983894170 0
465895827 0
4044040664 0
2332317018 0
2389166076 0
3503615096 0
4010542502 7
71176823 0
3181006362 0
688667654 0
3911087616 0
3780691472 0
3180119131 0
710306908 0
2088173870 0
2198316800 0
3485286338 0
2410348323 0
2651670672 0
2776482242 0
545244044 12
1810061715 0
1145412348 0
2341124950 0
483632716 0
522214249 19
1649386800 0
2132736463 0
3887145528 0
1856652175 0
1790178826 0
1621748193 0
2065952609 0
3130296258 0
366480574 0
914987599 0
3677950583 0
3990051964 0
3500514331 0
4216216723 0
3741791257 0
1850371455 0
616033819 0
1068793066 0
4174845650 0
2616965876 0
3676601151 0
2791596935 0
1720999475 0
3169226430 0
3459462597 0
238654550 0
2625640698 0
2518199838 0
3944724077 0
832646936 15
3008882320 0
3575531909 0
3248135065 0
3515312117 0
2281919350 0
1139100386 0
4126047583 0
212155902 0
2247228830 10
3264720274 0
25530675 0
1278956839 21
2251069966 0
2879048439 9
1547931375 15
1356689957 0
57512348 0
3996662383 0
3338107151 21
1799638319 0
1931763827 0
295397666 0
1111953568 21
2710784213 0
2917626331 0
1967986236 0
2882742421 0
871048054 0
1656818058 0
2453300868 0
2204341870 0
2299850364 0
842951585 19
361257409 0
2516865989 0
1269964721 0
2190470956 0
877429949 0
1832630934 0
2056617277 0
1989365410 2
2856724182 0
1244161371 0
2993342970 0
2579640717 0
4052005703 0
3914570054 21
1696923075 0
1589855528 0
1265151355 0
3574655507 0
1836732283 0
3391413384 0
3362963626 0
2717789718 0
2557762484 0
578408760 0
626650727 0
3793665597 0
4189688618 0
3337767352 0
2835905559 0
3979753516 21
1260298155 0
2350317043 0
1756289280 0
2686085056 0
2670718345 0
225830521 0
2907102632 0
2579917223 0
756631754 0
2622085364 19
221972676 0
4086499479 10
1071804416 0
1602646517 0
2272641731 0
794899264 0
805509210 7
3383639174 10
4209646716 0
1727924661 0
3191983440 13
2597569395 0
2144794767 0
1672029788 0
2310721898 0
37366273 0
4072859725 2
2780183017 0
2658818913 0
1536233649 0
3884532461 0
3295711821 0
2366866284 0
2051354441 0
3017902574 0
3533989209 0
2877998562 0
749613768 0
3722051407 0
3401735876 15
3171299305 0
582704299 0
2917450444 10
4122583408 0
253020804 21
3280815103 16
969538216 0
4138131680 0
2953821275 10
3739036400 18
1687169961 0
2094899700 0
3509696164 21
1267643346 0
1695777030 0
3277444683 0
3636867965 0
3001587331 0
616950769 0
771944494 0
636735779 0
840132978 0
627347274 0
1062989727 0
2907466389 21
3173179145 0
680675054 0
3414205656 0
151460241 0
539475342 0
2201623867 0
3790337704 0
260918333 0
3227073307 0
2850958059 0
2236176940 0
2987636366 0
1990013803 2
3314340146 0
1094791146 0
1632917908 0
870208371 5
3306309803 0
538886585 0
4047155842 0
2858465248 0
2812054821 0
920268056 10
2621543078 0
2491957100 0
3328640473 0
2984782692 0
1627851771 0
2376752138 0
2514469871 0
1217577506 0
562908283 0
1178918094 7
3916338847 0
3312179057 7
1906413559 0
771761674 0
3331340463 21
2906464138 13
2572997895 0
2947682628 0
1268353605 0
1363987251 0
2651045397 0
1307040322 0
261750570 0
3168887067 0
651368883 0
1966867958 0
1139048141 0
1465125634 0
1769124305 0
4050010164 0
1979125931 0
901309842 0
732848402 0
916711465 0
3470207396 0
4096471825 0
2431656820 0
3314650696 0
1921804385 0
677637546 0
3916755009 3
3579940203 0
3761032601 0
2204112722 0
4018102399 0
4261962895 10
3633014907 0
983139358 2
3457920989 0
811630989 0
3013242541 0
1829023931 0
1986522375 0
155708172 0
2823809714 7
1985887307 0
3089647212 0
855137144 0
3803757716 0
3578690382 0
1337404094 0
4060848765 0
660359857 21
3134349116 0
3808449234 0
1708448454 0
2187215406 0
3329653953 2
609053170 0
1749401299 0
1076638132 0
981530001 10
2754071142 15
1184183366 0
3555198158 0
3414339931 0
3171292699 0
154133573 0
2966603375 0
437502641 0
2911882665 0
2323164496 0
1378315928 0
3319195369 0
1303074868 0
811515313 15
3352763450 0
1610665665 13
1613256130 0
1632063009 0
2967152954 0
1778908380 0
1108375408 21
830628451 0
2353848570 0
4161715713 0
1040315131 13
1403112270 0
1296650570 0
3937031380 7
3555966458 0
4192607812 0
1025940894 0
498557561 21
3820047131 0
3546973182 2
2065390024 3
1912450753 0
2753526513 0
4974070 0
3675562803 0
2997753410 0
979970515 2
3151473069 0
3042833870 0
2090415415 0
2403436390 0
3143846294 2
2717504594 0
4264659241 0
1723921193 0
2505444957 0
2227719951 0
1324710878 0
2647253691 21
3493206834 0
3697592585 0
2819294944 0
1404979656 0
3255595403 0
1992179411 0
3166686994 0
667045322 0
3101016815 0
310982081 0
959779131 0
438884152 0
3409065614 0
2087882171 0
2337678883 19
269038570 0
1761795731 21
2083569098 0
4221525462 0
3175110191 0
2500835075 0
2651425302 0
180158757 0
597946643 0
1463025055 0
3408370487 10
2394937763 0
246985145 2
542674999 0
1488447277 7
4010702561 0
3336629905 0
3218899944 0
505319098 0
2996426823 0
1510763682 0
4181924294 0
1545050540 0
2709314519 0
1182904740 0
3867128828 0
1780837396 0
2220481901 0
3830017364 21
3900592824 0
1565986793 0
3983246735 0
259881248 0
85022899 0
497455633 0
397575166 0
1374806553 21
2007887142 0
665154302 0
3260153330 0
81543632 0
1755621346 19
3732197647 21
213635502 0
657289529 0
3289988226 0
3043453476 0
3217106245 0
3190443270 0
3345442534 0
2207668493 0
2641985811 0
902860710 15
27773850 0
54087390 0
3165473557 0
811050862 12
1213794629 0
452058320 10
2664486671 0
1769607056 0
2768703175 17
822884283 0
3576305465 0
3599006307 2
1537916043 0
983639718 19
1819584807 0
3032676971 0
704559442 0
1064941575 0
910014205 0
4126665747 0
4074715210 0
3579998187 0
792335501 0
4018635911 0
3335940989 0
1742429227 0
2593920845 0
818264432 0
2959260726 0
545774015 0
4256907399 0
166318407 0
262977318 0
1786694858 0
2988297588 7
4208805236 0
2859536510 0
1462658107 0
3774388459 0
3379760065 0
473053519 0
306145293 0
1541180960 0
4292813497 0
1429783470 0
2898888820 0
4092631499 0
842067334 0
798820774 0
268203394 0
3775088616 0
3801370915 0
623523633 0
661230780 0
2116426664 0
1852524525 0
1845316264 0
3342310209 0
3316773990 0
3812872568 0
3488014672 0
3801472160 0
994179664 0
3170628430 0
3354821166 0
544733447 21
1471161527 0
1686646172 0
1745235444 0
1822958565 0
551284278 0
1884738449 2
2460905721 0
67209006 2
1014229117 0
754357024 0
2427479620 0
2895892543 0
3779079925 0
1947746438 0
3595176966 0
1318861523 2
3122044487 0
4156280922 0
2901817072 0
1510372555 0
1814966448 0
1296947076 0
719363683 0
3597358145 0
1110442349 0
2117507536 0
3731278836 0
2753844301 0
1546117520 0
3446698293 0
3871344001 0
3791732888 0
3595369464 0
600478119 0
2622131043 0
4228159464 0
203938429 18
3896729867 0
3891247470 0
2857358034 0
15856946 0
469638913 0
2297591917 21
2966610424 0
1004921510 0
2343067034 0
2504658859 0
3309868742 0
715608168 2
3181949210 0
2350781002 10
3996290286 0
3229397681 0
2694231325 0
938211310 0
700284884 0
3906282344 13
165530670 0
2075065764 0
3222161802 0
444844677 0
1456508255 0
4078965203 0
3396984308 0
1977832258 0
2097341090 0
1398172715 0
2195403341 0
1353610463 0
2678718380 2
969312568 0
959472910 10
817679903 0
3356865396 0
4231589085 0
1712897007 0
2450758730 0
984733021 0
42936687 6
848592224 0
1537249759 0
3227492525 0
196555663 10
1723678031 0
2374493230 0
901670446 0
1148430833 0
740823697 0
1594082193 19
453909961 0
954470526 0
2946689036 21
154148714 0
2144861188 0
2207017639 0
1224767260 0
3447434261 2
1535663818 0
3485774054 10
3504988058 10
2491846432 10
1554744923 10
588360875 13
2265651836 6
3597242980 3
512889795 10
2785282984 16
113479710 10
3966430910 10
3952355182 10
359025408 18
407389876 10
1127944882 10
3059126143 10
1991800812 10
2460529204 10
150520723 9
3451405138 10
554006519 10
2409770084 10
1085948264 10
3537332069 10
2614417123 10
3363388075 0
1197982213 10
407371255 10
352215296 10
2903946339 10
2349391151 10
3883608531 10
2054129598 10
3434777858 10
2872983752 10
2845290732 10
3365046465 10
2977705726 10
3667450166 10
1006158956 10
2792705312 13
1474689419 10
117077929 10
3873634201 10
110697070 10
2036063044 10
1010952649 10
1168294176 10
1567332016 10
967467094 0
3212678775 18
644508048 10
3553678409 10
1515162806 10
856806821 10
3374701380 7
3079938151 10
3758398177 10
1530004708 10
2209546624 10
4278116321 10
2235531506 10
727160550 18
605690533 10
2626116387 0
3588526504 10
3835712980 10
4221523439 10
1167699346 10
681784216 10
3875927214 10
3138123315 10
358189630 10
2191634335 10
1431825926 19
2083725602 10
1096687289 10
3001216574 10
3828434530 10
190083541 18
3027761904 10
1294608937 10
1072994675 10
2842799138 10
2643287447 10
1800000601 15
3519356089 10
2567798294 10
2443750371 10
3586448162 10
1571864090 0
1612506904 10
3234467123 10
2577739951 10
1464752231 10
2769705934 10
2143481080 10
506947898 10
2032137015 10
3253873594 10
520065019 10
1601588749 10
3941493515 10
4267155109 10
3554208360 10
898994892 10
424446989 10
1577032392 10
2333351704 10
3442831236 10
2390017625 10
634362562 10
3355666264 10
3189046830 10
1524531545 10
436182082 19
3607244343 10
1595754995 10
778946106 10
442494068 10
1698627107 10
3605660531 10
2636916212 10
596608489 10
1089634609 10
3330916551 2
3233825708 10
3921696413 15
2030907322 10
2334852604 10
622947533 7
2677018193 10
1294028312 10
256060979 10
3429048874 10
2864144128 10
1862180754 10
2207898464 10
2822852335 10
3919820941 19
3073444054 10
2862905595 10
1854859728 10
2839005646 10
475800882 13
3352672999 10
4239874940 21
2367273309 10
276184367 10
2884340712 10
3130414108 10
3617869792 10
3834704656 0
2706702089 0
849380552 10
2662869963 19
4080039919 10
1502139940 13
1671338483 10
2535966941 10
105609265 10
1830958155 10
3753317965 10
2862696025 10
1481788267 10
1060425724 10
2970298879 10
2549570321 10
3783413402 10
3560515245 10
3943070845 10
274950013 10
2547925765 10
666188945 10
3665588287 10
789277648 10
488253820 10
3946106711 10
333043526 10
1586801382 10
1297095069 10
3238367614 0
2046777927 10
2871445888 0
1157202215 10
4046045804 10
2679951390 7
1887774439 10
1702131227 10
446027939 2
3810874963 10
1562066710 10
2084543278 10
2821452596 19
2427633329 10
3972787105 10
1795006662 10
1254351895 10
1034916295 18
1636169205 10
240652291 0
2399904692 19
2347012331 10
1821944913 12
1265598803 10
924001928 10
2165246051 0
3972631414 10
3476484217 10
4100524576 10
1432391948 10
3684249606 10
3488027784 21
2746473203 10
4122894756 10
4085908449 19
2890446536 10
2145719481 10
3385252525 10
2067367471 10
2196319976 10
718460667 10
257794680 10
1867155107 10
2276821160 10
3529776312 10
1633564940 10
1127424310 10
4192924481 10
2891759180 13
2073952785 10
625762461 10
4288513428 10
3733365808 10
2344143207 10
2191082812 10
1609406326 10
1952991030 2
757609797 10
1265218708 10
3265335186 10
1640813626 10
3164879930 10
684234135 10
228394705 18
3022716530 10
3465101086 10
2713573172 10
3653454991 10
483532833 10
842343940 10
2562003702 10
2446835713 10
64155716 10
3417122217 10
2102691674 10
164464432 10
1808690853 10
2480974885 10
2018640202 10
549015426 10
3472893163 10
704433855 0
4002074137 10
923615891 10
2852426062 10
3944167436 9
1279779152 10
2436968544 10
2995410156 10
811826708 10
2841081010 10
4201880707 10
1547034860 10
1869760471 18
1066445001 15
4007096509 10
3425433867 10
854443241 10
3568719439 15
2534430434 10
4170836986 19
497608963 10
2421231654 10
4289644500 10
3032598753 10
3301113086 0
3877737089 10
528242877 10
4141135662 6
3454830795 10
1198683284 10
1779572848 10
2155122592 10
2254646059 10
3952248902 10
2576271648 10
3928810179 10
631399797 0
3058474392 10
3649582109 10
2913614633 0
2545962982 10
3197296929 10
2674547796 10
3918240253 18
1570689961 10
2444444152 10
848945251 10
1923665763 18
3113636385 10
1719784012 10
1263325064 10
3917784529 10
1290141570 15
1691672263 10
1763208794 10
707219289 10
3199824686 0
1769529529 10
650384196 10
4050783756 10
1188982260 10
1728879334 10
982516890 10
1094117996 10
704277635 10
4225911477 21
2747884464 10
1532344315 10
3944506741 10
251997368 10
2406301643 10
268077830 10
2067350641 10
1479300245 10
142848094 10
750209876 10
1098559050 10
2127373574 10
484512045 10
659408433 10
868423813 10
3006118368 10
2100365794 10
1923651234 10
2923097466 21
2152061303 10
3862436010 10
2304087626 10
756330779 10
395916497 10
1338503418 10
3004978653 10
1166868833 10
831049847 10
2050021708 10
3596827504 10
3616510795 0
79437080 10
3795532720 10
4134495465 10
639005698 10
1389932762 10
2671381195 10
1635454035 10
349503402 10
2254979323 10
3670034391 21
2295372055 10
1788206815 19
3836547512 10
531726943 10
3074451064 10
712235614 10
2570740452 10
2656767830 10
3512938617 0
1120125659 10
1249528076 10
3753578411 10
80095216 10
1109384211 10
997449581 0
971335622 19
360289160 10
2623548535 10
2006274368 0
470200756 10
603858831 10
1875642354 10
2038928233 10
420720363 10
2724567264 10
92770796 10
2673928962 10
2101493658 10
8733103 10
2397426214 10
3610505903 10
306386886 10
359841650 10
1135328584 21
313939917 10
395222408 10
567622545 10
2505919826 10
2588339540 10
2729555425 10
189434887 21
2663379695 10
2666592000 10
105046713 10
844046367 10
1044745782 10
2310567336 9
2502995215 10
2594757881 10
2879390005 10
2533620344 10
4092420475 19
1337097411 10
1479469875 10
3097296459 10
3933084836 10
3662692545 10
1073048808 10
3532640161 10
3512353642 10
861901807 10
3359412746 19
4231085537 10
3361001149 10
3762354970 10
769931138 10
3928773078 10
2849605725 10
824890394 10
500748209 21
4151036471 10
2485758406 10
2271143964 10
3830155742 10
3633940090 19
1525563647 10
1099405579 19
3872840660 10
3353755950 10
2621211892 21
391078299 10
2948590221 10
1018508855 10
2406825855 10
572285334 18
2148854302 10
792337643 10
188821033 10
1916767312 21
3269430471 10
3440277300 0
1768381064 10
2330699061 10
1829034798 19
1964825299 10
3820781569 0
621333102 12
534491994 18
3474381391 9
925191448 10
2412776902 10
3345080798 10
445132859 10
2195801176 10
586794829 10
4112252294 10
1603692096 10
3612218753 21
3891814809 10
3162857481 0
2262819206 16
253100059 10
4001230273 10
1214903154 10
383629106 10
3458855111 10
4080748173 10
2068033368 10
949075808 10
2939386265 10
611317225 10
2945238066 10
568100073 10
2320419929 10
3341159575 10
2793679649 10
2588444997 10
2845283738 10
3924860185 12
3487648121 10
1044356522 0
1203601787 10
1795776406 10
1885155198 21
2054732423 10
3270759980 10
3813113027 10
1903346806 10
856282089 10
3716782899 0
36038839 10
2063339905 10
1336531877 10
324979905 10
709297642 10
1208863308 10
2139962560 6
3049702830 10
663340686 10
1327538000 10
2503741018 10
3291095059 10
3081652151 10
302251045 10
3761307776 10
4157210807 10
3060855449 10
2826504000 10
2871406027 10
2328105222 10
1445937686 10
4071191964 10
137725537 2
3253333293 21
1624616927 21
3852089999 21
3297820978 21
1741644568 21
193886731 21
938206887 21
2507635561 21
3060360563 21
808374759 21
1501649110 21
134611247 10
2321803090 21
2313042344 21
1998096917 21
3678462800 21
2472948681 21
368568608 21
112184686 21
1069169809 21
2500027984 21
133637795 21
1752246523 21
1687900031 21
473862110 21
3786084174 21
2414831473 21
1343487313 21
1757528929 21
1502905231 21
3635658782 21
2758495548 21
9991179 21
1821643461 21
850639091 21
1941295585 21
2451934711 21
4093024548 21
4111526365 19
1431279096 21
2992920084 21
4190147927 21
2014414561 21
3983536843 21
700968397 21
3351832845 21
2286687921 21
1489567754 21
116995925 21
2801984385 21
1834862532 21
2637718448 21
4041980952 21
520893409 21
286719008 21
4162158499 21
1017412168 21
747154154 21
1744247221 21
3450455570 21
1069034959 21
578005367 21
2571017104 21
2156450881 21
637344968 0
2476239612 21
2158529202 21
2378882325 2
696249816 21
2332635246 21
1983649897 21
1411961908 21
3232642717 21
2578271967 21
3560204405 21
1694532960 21
2432889634 21
1952810403 21
2839314904 21
416709466 21
1470336571 21
1926937119 15
591474275 21
3037611284 21
4056898216 21
3010194187 3
2747084317 7
2330392891 21
2772339623 0
1488025755 21
1362988251 21
245715417 21
1585238749 21
1045551752 21
209514720 21
3001535612 21
1215239313 0
1884735329 21
472531636 0
1932817395 21
2383124310 21
583583190 21
1221504648 21
2985175404 21
4258352756 21
3903501523 21
144907347 21
1996544035 21
1361340749 21
988314268 21
1334480025 0
2593854196 21
1403566597 3
2600611846 21
3572889525 21
671973326 2
1664580761 21
1646639613 2
3860058910 21
4023543389 21
1983172023 21
1632462349 21
346678231 21
2635294534 21
672026154 21
2383059019 21
3919843675 21
385947584 21
469013657 21
300869683 21
2341535589 21
2060713280 21
4275351607 21
2579403368 21
4148564176 21
256867944 21
2946933046 21
1081479499 21
3549316019 21
3296060082 15
1398411136 21
70218501 21
3521053470 21
1725792695 21
3015445288 21
2862376393 21
3235007348 21
557547937 21
3097675411 21
3857930711 21
1475236660 21
4049830484 21
2445639826 21
2423691708 21
236613019 0
1591652330 21
4073885650 21
3792938425 21
2473812459 13
2190247917 21
2706925172 21
3976282426 21
107666328 21
831564511 21
1776507489 21
1841828803 10
3075341908 21
4138277908 21
4011576320 21
4081111603 21
75426082 21
316889074 21
2276371811 21
1304873504 21
982908532 21
193335259 21
2946134391 18
477840147 21
3520607410 21
224829068 0
3481090032 21
2509428903 21
1756774841 21
1342440040 15
767419781 21
1436585040 2
2660882988 21
1750961391 21
1181765099 21
172455991 21
2015906266 21
1417432982 21
1572629646 21
2027607996 21
7868285 19
1721410001 21
1285402703 21
3759529292 21
1022567372 6
2726399332 21
2198696614 21
2599447397 21
3879812384 21
976974084 21
3608724964 21
2562377048 21
3508910943 0
1359713028 21
4257763221 6
5069292 21
3345734997 21
3370648137 21
3737497223 21
924379264 21
4203263799 21
2233460604 21
371858463 21
3436499835 21
2282456316 10
1653255475 15
549634603 21
3678770187 21
1216994612 0
479686449 0
2315854752 21
2907059943 21
70666626 21
3223824437 15
3294207985 21
3888301059 23
2684189305 21
4275853283 21
1258803245 21
3281412790 0
2953046392 21
2659686515 21
728263782 21
3748762121 21
2924196728 10
925321379 10
1028064453 21
1656782909 21
261100450 21
2047966680 21
1089761319 21
2845988304 21
4292594092 21
1097047241 21
4004998849 7
59717221 21
2683082523 21
1900519851 21
3252024218 21
741190056 0
3643452325 18
4089991882 21
1454720311 21
614966958 21
3488835846 21
3472499666 21
1372575856 21
1727636257 10
2949216093 21
3493404574 21
2584909338 21
2965176835 21
4285197767 21
2995627566 21
2136286048 21
2170111823 21
4057837232 21
4224058474 21
2788368416 21
102647338 21
306096524 21
3112973903 21
280578119 21
3684805313 21
4195752552 15
3154642022 21
2161306729 21
1805547605 21
1194487814 21
3725373594 21
973379367 21
3214830888 15
1469325457 10
2967939243 18
3267103053 21
4265946233 21
466529334 7
1845901624 21
2162564041 21
2985557776 21
2653034405 21
1492851320 21
2341541125 21
1148763604 10
3413341817 21
2981513978 21
2203230536 21
734952707 21
3667663634 2
3972683068 21
2623155385 21
2401461577 21
992207173 21
741955486 21
549938576 21
2659437543 21
3537184127 21
3069827530 2
3106378612 21
1109748524 21
1445774479 0
716688108 9
709268407 21
1594268438 10
2174782105 21
161716416 15
433641258 21
2180119090 21
2254940643 7
2996252938 21
1868005657 21
2215676654 21
3087359612 0
2487522647 21
3012299707 21
2870211587 21
2166942787 21
3152178496 0
3981437156 21
800185497 7
553977809 21
749710711 21
1887523977 21
234948447 21
1194938626 10
3930110258 21
569284737 21
1163905741 21
1170858524 21
1847484508 21
1719187889 7
1339279652 21
2818603253 21
2640184746 21
934011306 21
2432575261 21
1641858544 21
552068880 21
608134042 21
188196006 21
1488799175 21
1067578567 21
565298731 21
203244246 21
3898482680 21
2664514304 21
2901357313 21
2485744685 12
1760082987 21
3890058428 10
856450582 21
3622127707 21
296645242 19
1274159939 21
2618827049 21
75231765 21
4283547863 21
2779694454 19
877061410 10
4284477005 2
3236616860 21
618127150 2
3516433413 21
3136340769 21
2763908181 21
2537737630 21
3761080212 21
3467631506 21
653454045 5
3822804604 21
2507871026 21
3322739512 21
3023956381 21
483630990 21
2278847937 21
803681072 21
3246939955 21
4101596253 21
2170841505 21
1388810971 21
147305738 0
7910944 21
1440623234 7
188026291 21
3488183410 21
50470093 21
159071848 21
1070839267 21
2012932381 21
3352764558 21
3660089982 21
257942719 21
1927377149 21
1159448163 21
1562703582 21
3563267133 21
582409219 21
1807966678 21
306514089 21
1065040013 21
2755768358 21
2772302106 21
793997485 21
2023976776 21
2630362673 21
2704590319 21
624309295 21
382848364 7
3720376773 0
3561679060 21
2712646065 21
172973141 21
78400228 21
1486687454 21
3371816520 0
3828223086 21
3058416440 0
4161034234 21
3606155328 21
3332345871 10
3147697223 21
395508410 15
885391649 18
1091558431 7
2970732230 21
1973870832 21
2714039334 21
2995032259 21
3768122354 21
3408656761 21
85188000 21
50550671 21
802992201 21
1657067827 21
1467272144 21
3094341899 9
798172847 21
314841732 10
2973960659 21
1571768801 21
1490340697 21
3274854896 21
2969903485 21
1519917706 21
1513891782 21
878723871 15
45301161 21
2046521632 21
3599669834 7
2423685566 21
3693840787 21
995647617 0
4122606697 21
58960314 0
2647886281 21
980298714 21
3230046190 21
762485553 21
3443106978 10
1802037935 21
3133645778 21
550633198 21
1226646975 21
1634749816 21
981026772 21
772601352 21
1218025302 21
3419288249 21
371120380 21
155962842 21
575815247 21
4063862978 21
227554992 7
54538147 21
1667004253 21
30263186 21
3861087022 21
1123198694 21
1537706512 21
843983490 21
1008977984 21
2737908111 21
4056920008 21
2700935804 21
972432087 21
1043811562 21
3847132224 21
1926998644 21
3628151783 21
3332667973 21
348916685 15
189579918 7
662443323 21
1240333227 21
1289092066 21
3364234423 21
3537492943 21
2645180394 21
2889349561 21
322712209 21
3982405231 21
3977171567 21
1776071198 21
3321865652 21
1413684986 21
2353351868 6
491600222 21
2025253032 21
2224782182 21
3706363664 21
3508994606 21
3283925934 21
2211730557 21
1713043711 21
853437538 21
3172014625 21
511806401 21
1681239984 21
2194805820 21
774161466 21
1769009399 21
583109062 21
3215792708 21
4210820876 2
590362846 21
3482050524 21
2343659312 21
2293626435 21
1692521214 21
3030231210 0
4142637304 21
3766922419 10
3346645450 21
3405182234 21
3680267226 21
1414363457 21
3217844985 21
2140316816 21
2982466669 21
680273693 0
1239459826 21
290899779 21
191983612 6
3460624380 21
339642697 7
1275901413 21
1833225118 21
3672471752 21
1573434509 7
757814766 21
1785942615 21
1436785525 21
2586013509 21
1362270935 21
3404924859 21
862583784 21
329799742 21
99830032 13
619692092 7
963540047 21
4292943150 10
2058103559 21
2444416301 21
2524875041 2
2068629412 21
3303278301 21
3779886189 21
1315950825 21
3653730175 15
3938345461 2
2274006287 21
3945638534 0
4105006549 19
465582208 21
773383247 21
3530303702 21
3586320484 21
1253403501 21
3859234508 21
4048055128 21
3107593703 21
2389462655 7
3125182649 21
96033861 10
40858704 3
3077946598 19
3831849051 21
4019956772 21
3079421851 21
1330276481 21
4156125155 21
3606474529 21
2431142606 21
457982389 21
760523583 21
3826792859 21
550382095 21
1526406443 21
3905324796 10
3158095717 21
2630605466 10
2303004223 21
519557608 21
1512134439 21
3649739295 21
3913895305 21
3775783312 21
2619650040 21
3110118221 0
1391160309 21
708435918 21
2450708179 21
527795530 21
3817346975 21
39688776 21
4112656109 21
3362746224 7
3026105572 21
2999079282 21
3366923252 21
2600095701 21
1920718489 21
1337549581 0
2935034546 21
1570172987 21
3122919371 21
1107569136 21
1922483128 19
2345481283 19
4130114844 19
3010538163 19
3443961761 19
3548411651 19
627691162 6
969880789 19
1700090686 19
2917377026 6
2176358960 19
3954180634 19
3197771429 19
444103802 19
4173510926 19
2187731273 19
105054101 19
2395846585 19
1470205034 19
88283681 19
1362905495 19
436286079 6
248325916 19
3385190347 19
4059399380 19
3860363285 19
1736659201 19
1356140142 19
1569370154 19
1671477151 19
3928962559 19
110458323 19
1684961085 19
3780844246 19
2762451929 19
776930862 19
302131290 0
168089917 19
3254561356 19
3429484922 19
2839447138 6
3193004113 19
945973950 19
3248610698 18
728321752 19
4248202598 19
3207736222 19
3885667992 19
537841672 3
4019247592 9
1173633121 10
1973124993 18
4132872362 6
2197703663 19
1228769394 19
96385761 19
3668709516 12
4123901593 19
1271247617 19
523204830 19
2278193390 19
2248294806 19
966276649 19
2416686780 19
999870384 10
2833616205 19
3371646110 10
921569384 19
742452917 19
4002101578 0
1711245104 6
1513979860 19
2431039882 19
3317823461 6
1327069445 10
1624800527 19
1649450215 6
1448976176 19
1390206959 10
3177234303 19
810606015 19
1909975023 0
3782823037 6
2098856008 19
1578588699 9
3138327814 19
1606945432 19
2725114199 19
3190603684 19
1502229357 19
2774594904 19
2906828996 19
1058317372 19
2529002451 19
1248102284 19
2266724086 19
2671763176 19
792993044 18
2033350358 19
2004486937 19
1822329922 19
708976720 19
1124598024 19
627529625 19
4063551622 19
458395942 19
1541359451 19
2692135361 19
1898241768 19
589373648 19
4062191197 19
1578514797 19
2300299987 2
1160665232 19
980291225 19
419930234 19
957179165 19
2877956228 0
3981355025 19
4102693247 19
3368801615 19
1964420344 19
1667027598 19
3945665936 19
3693394448 19
404045518 19
3359492579 19
1016924118 9
190742859 19
2426498204 19
635961289 19
3378413765 9
2455513717 21
1095107556 19
137760192 19
10042057 19
1876188538 21
4153352491 19
2647952938 19
3237541119 19
103642099 19
750895578 19
4118765096 19
1653284654 19
472890332 19
3157973406 10
2943693261 19
198564146 19
2344661638 19
862259041 19
4050996 19
1119332299 19
2180280988 19
1586826658 6
274723191 19
1842029765 12
182288489 19
3617111069 19
2566936552 19
558076656 21
658158917 19
4029928001 19
1537010038 19
3008414064 19
220260993 19
1232283333 19
4270127798 19
753563883 19
864507318 15
1622458006 19
4278590905 19
126223990 19
1471992047 2
3946237426 19
4278170913 19
1548612991 6
783265151 21
2119601058 19
1113012776 19
3761214078 19
1202542491 19
2203412224 19
2972363927 19
3784711352 19
1235290722 19
14678016 19
2993047453 19
736947075 9
205379878 19
1751469193 19
1418151398 19
2144969700 6
4114227202 19
2440424177 19
3256874084 19
818055675 19
637569711 19
1131650577 19
3632003281 6
1586817051 19
2578706076 19
328948685 7
2990685867 19
1670372524 10
807661061 19
1490499916 19
3469048739 18
1654832933 19
3436963678 19
874485767 19
3505719818 19
2162354444 19
3976472207 19
3230303673 19
4104246038 3
3655013218 19
1529673024 19
1554408652 19
3275630581 19
2331427725 6
645160067 19
1019554447 19
658292989 19
1194692290 19
2830887536 19
3300562385 19
429603044 19
2750054008 19
1281537100 19
4274659813 2
335202628 19
824820589 19
3761962731 19
4027071388 19
1920391736 7
178039603 19
925772276 19
1288577597 19
2987041781 19
3646745098 19
4143112850 19
2880018821 19
684682696 19
1899204784 19
4160317258 19
3984812710 19
3766100249 19
888515129 19
1645196738 6
2053559991 11
2215750408 19
3745278147 19
3333830552 19
1209964362 19
219989471 19
2509269644 19
792913914 18
3899524010 19
593637432 19
2547346216 19
2206995261 9
121147089 19
3548250540 19
859351008 19
544604149 19
1302480424 19
2400319425 19
2839047600 19
2372702557 19
2910343893 6
3723617073 19
197870931 19
3097480730 19
1014759089 19
1410298084 19
3535822447 13
1215097350 19
2963929302 19
3438533166 19
1160094653 19
2000233921 19
2452834368 9
3803698445 21
4181321759 19
3282115390 19
2760734380 19
4117173684 19
883811237 19
1289619524 2
1330279890 19
1670557072 19
3452647497 19
2929959999 19
3037608043 9
2077416789 19
886366333 19
1951140316 19
750689154 19
3472040115 19
54003156 19
3378558509 19
2514980637 19
2275772636 19
2427138972 19
2647810879 19
2350198007 15
672524878 19
1992533478 19
3500455104 19
2315166141 19
3439124931 19
303724383 19
2653911653 19
3727754408 18
2882156547 19
2054094285 19
3570785435 19
3356968799 19
2888330070 19
1896937452 19
3657436201 3
2951716630 19
55643061 19
3367791607 19
2670819459 19
228169285 19
2724751671 19
4087577894 19
2820758338 19
3896362065 19
3049466894 19
2604166916 19
3655661300 19
1247749895 19
4272595686 19
4047583226 19
2599108696 19
316270215 19
206739467 18
1804460747 19
2817767063 19
1933823232 19
1869644381 19
3294411399 19
297534623 19
1098697139 2
223437320 19
1979315025 19
442379979 19
3517754437 19
4132377612 19
3542336285 19
2799315377 19
1937483830 19
2079457452 19
3800724101 6
4080202936 19
1572529776 19
2790498072 6
2131508725 19
2610706291 19
658865798 19
955682328 19
1820917010 19
391558988 19
1168589638 10
2703291813 19
263456995 19
1135046841 19
3416032943 10
720959136 0
2787409551 19
2287491731 19
1337170656 19
588442851 19
1893500733 19
600612166 19
1389408698 19
3095197602 19
2834390730 19
547548183 19
196779186 6
1290545753 19
505468079 19
573713767 6
1418476636 19
1095255818 19
2703240470 19
440480046 19
3414481859 19
1651204751 19
1116671933 19
646086980 19
2791051328 19
615366972 9
2977922313 19
1438567937 19
1110595844 19
1807313894 19
2841438233 19
221642503 23
3951968455 19
2682256862 19
608231468 19
111974899 19
2272508371 6
1661555732 19
1197079013 19
2127475531 19
605859987 19
807946954 19
4018154480 19
335621180 19
1184823050 19
1207143250 19
2311099522 19
2875310061 19
74177275 19
3005300560 19
1938857872 19
3096275081 19
3403001040 19
1596289639 19
4014372533 19
3106578364 19
18044686 9
4205024025 19
1680980360 6
991783034 19
1937376752 19
3631820300 10
3207408794 19
1813147019 0
2174961493 3
3508882486 19
1740516757 18
1752839142 19
3675605160 19
1046551981 19
3843561390 19
1513960084 18
123456775 19
3974117292 19
3110376501 19
292988648 18
1635992439 19
900597853 19
2569922355 19
2070683464 19
3325147876 19
625376916 2
2531612152 19
332667065 19
3077224956 6
2588048587 19
2812924044 19
2741862539 6
3398468475 19
3913079671 19
3337577673 19
2222973547 19
3692795086 19
795704692 21
1666920706 19
1353079512 19
3092413224 19
1696467725 19
1351824486 19
4211554381 19
3807341915 19
3805814367 19
1099645221 19
1606440284 19
3509384180 19
109006369 19
4145836673 19
63880234 19
709863254 9
745895618 19
2032837109 0
1468492796 19
3032887232 19
1364480930 19
2336523861 19
4045052693 19
1361862662 19
2927674232 19
998118685 19
2577458954 19
1233148885 19
2152243062 19
2890846374 18
594347757 19
1626994331 19
13342349 19
1182394084 12
3460269189 19
4291890905 19
1307247612 19
1924891097 19
2448807431 19
3816994574 19
3382170463 19
886573115 6
1672847332 19
537977663 19
3790237203 19
2591310299 19
3768609133 19
4016488277 19
2487258729 19
1027189038 19
2635534607 19
875682310 19
612329613 19
1997023125 19
202925466 19
1223681235 19
2632292686 19
3310754766 19
2940000152 19
3093413148 0
205630161 19
3257304375 19
4084434203 19
2838697963 10
174477195 19
2644430976 19
102847604 19
1068335861 19
609929082 19
2547617381 19
1372335854 19
2502423817 19
3382641493 18
1734865782 19
910715178 19
345729007 19
480100990 19
1847028626 19
1874037272 19
1059108550 19
2518327674 19
1481069623 19
236992069 19
3064695540 21
3379422756 19
912265757 19
266826862 19
531478223 19
2281586171 19
1464924106 19
3975003112 19
1462998799 19
2757502353 19
2890561729 19
3978788564 19
2574354128 2
1809996598 19
3981273618 3
1827831068 19
3058127881 19
392776669 19
2412323584 19
1729421292 18
2027736241 19
2020082662 19
1723047249 19
3720358657 19
868043976 19
1071622025 19
577782033 19
362809238 19
2472839672 19
3923991679 19
2604955504 19
2585384418 0
1046188078 19
2595053418 18
2822415164 19
2612112174 10
3555638853 19
1899429866 19
948796121 19
3529774307 21
3819198527 19
2106189018 9
2902745683 19
2998742584 19
1330811937 19
3602915882 19
1236145634 19
98561766 6
1064226417 19
1877816383 19
1271901487 19
1834982692 19
2639944065 19
3074280423 3
3254970274 19
3324494665 19
3361996061 19
3193547580 19
2966650932 6
45800535 19
818094864 19
152147819 19
720114233 21
1902249412 19
1481057415 19
4199024217 19
150388235 19
3708664686 19
3365292376 19
1921672393 19
892253918 13
2508385866 19
3371303427 19
2269471173 19
76834029 19
588715774 19
86768031 19
3288610220 19
4181674213 19
2518230279 2
1614527587 19
2928626128 19
2521154057 19
54400658 19
351464906 19
1862904113 6
935028075 19
934845106 1
1387303900 19
2787706012 19
3703306995 19
2740377223 19
1608776964 19
2341180344 19
1481746877 19
1162963482 6
4234528466 19
1011557679 19
1000936643 19
2573281267 19
2856980308 6
3761752823 19
2945651315 19
2284872480 19
2202804133 18
2156159498 19
799675084 19
3429836021 19
3621626688 10
1567332434 19
301975154 19
2549612174 19
1765987835 19
3946447523 19
3495186674 19
1941101523 19
1449241128 19
3962249557 19
4121464569 19
88567008 6
3826968671 2
2277001017 19
1140516828 19
1874130582 19
4089713807 19
777605126 19
756050310 19
1688643023 19
867187989 19
1582183219 19
1601616010 19
2005931898 19
1630677291 19
450267560 19
1922449823 19
465549450 19
2008101806 19
3514154837 19
4259122515 19
1845653013 19
2553318863 19
2350481829 19
3738529686 19
1499975477 19
4019316325 19
1455534365 19
3857592300 19
2416999409 23
754575828 19
2420770980 19
3718316892 19
3073872254 19
3740149623 6
657438904 19
865462723 19
4187321782 7
4266402399 19
3418094461 19
1029184816 19
4236271903 19
4140974595 19
2351039599 19
3222481243 19
2895368764 6
1470496899 19
2750003608 19
1295117412 19
2385058009 19
2510417666 19
3880087501 19
4020863832 19
3160537826 6
2859128715 19
2577890886 18
1184892084 19
1417349986 19
2479783711 19
1945728317 19
1399649308 19
1165991334 15
2598712664 19
1085621861 19
2753528805 19
4002151679 9
305542901 19
2694532636 19
2536107100 19
170253825 19
3153394618 19
606135944 19
915687839 9
749590262 19
565110620 19
3295460246 19
2005601272 6
3028657170 19
1766292168 3
1160121189 19
2996092277 7
3812782867 19
1437746367 3
3975763456 17
3182201293 19
154434829 19
345403851 19
3677628238 19
2828543487 19
71403595 19
2866800472 19
2970219472 19
34466254 19
1389736263 19
3115774212 19
1505010270 19
3829732561 19
319822499 19
1856717553 19
2367407557 19
1751023428 19
369340712 19
1028212330 0
2980873081 19
1781693701 3
4247871383 19
506569681 6
2727017912 19
781918713 19
3651228285 19
2963264792 16
382208665 17
157525088 19
1519349612 9
1810770450 19
402576030 6
2653574923 19
2707643801 19
1370049748 19
1575306183 19
647862109 19
1301144201 19
2304611005 21
1656580350 19
2435418059 19
1064246086 19
423100596 0
2192995035 19
1190388598 19
1690845452 2
990136828 19
3910060909 18
2253832175 19
2881957229 19
3913626996 19
4024621153 19
1453938833 19
751876465 19
495993234 19
3024964303 6
1293233306 19
1283367322 19
1596406928 19
1301747627 19
1664905734 19
1398480969 19
2943206145 19
472820589 19
2546226754 19
2847447358 19
2721489585 19
3701456548 19
3836211444 19
3859288700 19
2254743492 19
2290148716 19
3709827790 19
1558656159 19
1468245964 19
1260493288 19
2469701928 19
3329671324 2
3233901358 19
4047576879 19
1109388770 19
333339086 19
2181303 19
3024336168 19
2432351161 19
21157833 19
2169908774 19
1278508354 19
704090472 19
1285925312 19
1996948308 19
2806517801 19
38915749 19
3779557912 6
302182453 19
208701973 0
1886988174 19
3831371962 19
1137272502 19
1307844816 19
522928958 19
3231872579 7
3509050542 19
1031844134 19
3740368679 18
2549595061 19
627299108 6
3529793381 19
3331449230 19
3819369204 19
3725948885 19
461319586 19
1466874182 19
527525570 19
1866693800 19
1337943674 19
3716351031 19
968650034 19
415698682 19
3866644339 19
3017808521 19
2170007802 19
4262502615 19
176270660 19
2740481041 19
4035727501 19
3347673971 19
1749489641 19
1840702028 19
3064930023 19
3852766173 19
993534795 19
1943928791 6
3266007869 19
2745712650 19
2694104312 19
1869189085 19
3742132088 19
1791637860 19
567415839 2
2350524370 19
1015542030 19
3043811088 19
1378276922 19
2295161195 6
1732533392 19
41153648 13
1620429266 19
3595444292 19
686299690 19
1029855217 19
1334936325 7
757094359 19
2856214679 19
3841449068 19
1228419937 19
3747376037 19
3421682030 19
476364306 6
836766278 19
2433209663 19
1188927599 6
1281866377 19
3688523508 19
677389700 19
1289508043 19
1077197966 7
3696924563 18
4247422337 19
3733752116 19
853901762 6
406360836 19
3546370517 19
3699708905 19
2886621178 19
3662773603 19
3266085009 19
3561638111 19
2714863989 0
4213386578 19
785411058 19
436480886 18
2380310648 19
1631098083 3
163037162 19
401952663 19
3743355452 19
2194854600 19
2743776351 2
1373890217 19
4215580599 19
539433530 6
1018825067 19
1211368212 19
154263532 19
624690198 19
61398306 19
1181725846 21
3802373085 19
2537695734 19
2040085960 19
3453124718 19
444379007 19
1777581051 6
4027689188 19
2969238976 19
3666068346 19
3856404928 19
3869600810 19
3471622035 6
1511525471 19
3587794252 6
220666553 6
842213244 9
879303850 19
1099336193 21
3585627737 6
1651794872 6
3681474683 6
1091742287 19
3122819873 6
103921849 6
4294305564 6
595239809 0
715598522 15
589709625 6
4120965592 9
3748337966 21
3930877572 2
3128380315 19
680615607 19
3833520573 19
3840003111 9
3775892553 6
2560909995 9
1348073356 9
2301281381 6
2403771022 19
3981797310 21
1949575762 6
777399612 7
438016310 6
1610834311 6
3961350570 6
2825934138 19
1067501573 6
658764729 19
3879436841 19
3876232378 6
524558096 6
1014563245 6
2774008844 6
1803721503 15
867455570 6
272533213 6
263924269 19
77096729 6
4281522127 6
4242708686 19
2649888236 6
2991841281 6
3625663696 19
787205584 6
2197733869 6
2540175894 19
2703489486 6
3554814002 6
3272309181 6
1283949874 6
2966030703 6
4073464299 9
2644335983 6
3309943478 19
1668748620 6
1718957766 19
2858387911 6
2009608303 6
3320500241 6
3698865567 6
2329236916 6
550221270 6
1694843675 6
3849753718 6
2485264763 19
1867588254 9
3343225644 6
2816111902 6
2880288452 19
3513383926 6
4030932056 6
3944547797 6
3090198756 19
1815838965 6
1139186158 6
1159682931 6
3724739233 6
190739074 6
3911801274 6
3565834002 6
3760115500 9
666664344 19
1115896773 6
1312628234 6
3615432382 6
2993539229 19
844118309 6
2444994187 6
1294221565 6
1502540215 6
142878724 6
3064455083 19
2672319702 6
1959456484 6
2483877782 6
397299583 6
3965954658 6
397508892 6
3808181110 6
881780768 19
1652510545 6
2627490276 6
2189780876 19
2076639420 19
1621375832 13
3927959204 9
921703625 6
1362996190 19
1390897868 6
3011981940 6
1425449672 6
1255869263 6
763516615 6
1584003767 6
3508548545 6
2501503818 6
2324623441 6
3268494215 10
110485473 6
1376030724 19
4017980225 6
2542625332 6
1858195555 6
377664817 19
2201905859 6
2442366183 19
2605258434 6
3637790466 19
886912105 19
696031153 6
182657042 19
416683879 2
2264978401 21
1604658058 6
1195990117 6
2132333215 10
3870354504 6
1221065455 10
150231811 19
404335691 9
2575097607 19
2654854235 6
767897026 19
710285299 6
3459980747 6
2305155013 19
1976025697 0
2232145100 6
2733281340 6
583265867 2
220590791 19
3000792252 6
4218594981 6
903852140 6
2418450424 6
2396034879 6
3506767986 6
850733540 19
2049384080 18
3804079017 6
3252789863 6
3894556283 6
138378651 6
1682995665 6
3244276906 6
2524177961 6
630609820 6
1850414948 6
4283540705 6
387692592 6
863894136 19
711700116 6
4255468334 6
2369695405 6
2160700308 13
1768694969 6
1552478077 6
2056318442 6
2575672664 6
631567247 6
1918815608 10
3965098855 6
2311223304 6
4267167898 6
300499159 6
3526214345 6
1530121956 6
4089355786 6
3896869089 6
1652838936 19
1121002242 6
1617944199 6
266760609 6
604877634 6
3654854082 15
2589575301 6
2037814851 9
521287215 6
1885096886 6
3586921542 19
712064096 6
426434386 0
2541230031 6
2931023956 6
1796671835 6
186120897 19
3693106998 6
2908801147 6
2290180759 21
1267632326 9
4182135651 6
2976961677 6
3267743243 6
751043781 21
1602070880 19
1155785130 19
4291881859 10
3929505088 6
3245032148 6
1509907937 6
1035467382 6
2428825306 19
3010564661 6
1307448490 6
3611326674 6
3395856544 9
3138292790 6
1446654876 19
2553790160 6
3289952670 6
633757383 6
2819234577 6
739412200 6
3412262401 6
2426438417 6
1014560386 6
1477299831 6
1155152689 6
3028212098 19
3158493680 19
24926880 19
3914647141 6
699558076 6
1182772012 19
2271021329 13
3064012954 6
3273285086 6
700531437 19
2965848761 6
336357853 9
146628095 6
1286949985 9
2645285288 19
235850832 19
478187121 6
2462751152 6
4049471918 19
3730101094 6
2771170775 6
1481558771 6
3659947746 19
3820357410 19
3362021139 7
3129208472 6
2783255394 6
1187036619 18
101770193 19
2399727816 18
844903809 18
4189348143 10
113414323 10
2643319632 18
3785682458 18
2849501522 10
1251300818 18
2212352659 18
2912517196 19
780478542 18
1342160547 18
3991963223 18
721493071 19
3347474343 5
1807797027 19
92548389 18
1714714189 10
2442978865 10
3838624288 18
2523533933 18
3270015449 10
2284504630 18
2583143635 18
2577884187 0
2167482504 19
2741980401 16
2544203580 15
2372343873 18
2171252907 18
1113368734 18
721499718 18
1020887298 21
3008344165 18
1671092351 18
3705824666 7
2048182010 18
3319115271 15
2608827553 18
1746405548 18
1319910039 17
4062470918 18
159918522 5
366650825 18
2508245787 6
2898241025 18
692538551 18
1808616109 18
2026011643 18
2536249268 18
3433121298 15
1268978912 3
3330751490 18
3330653340 18
4219580533 15
4006178144 18
2671553218 18
500829466 18
616654984 18
3242553696 18
2278674800 10
3574364038 18
395273701 15
116740446 19
4045852930 10
3136295581 18
2729953826 18
3008471424 15
2912086612 10
1394956486 18
3488967248 10
1320696956 3
1645177548 18
1833903246 18
2600802879 18
200731621 18
1957631912 18
4215724919 5
2684576756 3
1032858313 10
2535121987 18
94631508 10
282968925 21
1477506307 18
790120178 18
1527426904 15
751979267 5
328450621 18
3065055214 10
2009663151 19
749215837 15
786822975 15
838854401 18
830805244 18
6663479 18
4060189237 19
3170875975 18
1707897921 18
54998950 18
324468098 18
2586548493 10
2065908507 18
762385428 18
1155611512 18
2754373042 18
3608849719 18
1055018665 0
1255137201 10
2265934909 15
2336761792 18
2216705041 18
1817149149 3
326849565 15
3493517460 18
647827058 18
1889931026 18
3715128295 18
3131271274 19
561401466 10
4131613629 3
474953221 17
11109966 9
3786917684 18
2110379607 17
881655401 18
2270257691 18
3455893172 9
4009213650 19
393572497 18
1843291610 19
4223186492 18
2857584172 18
4118965963 15
1767332539 0
71503415 10
1151213318 7
640093388 18
2889031793 18
1013066726 18
154322610 18
2746811864 18
2345472537 18
1688327138 18
2385578834 18
3680060734 18
4209374165 15
3019430585 18
2727476095 18
3671107171 19
908177676 18
569897382 18
2084849637 18
1233533713 19
498069081 18
3757130274 10
735932599 18
1686914332 19
4090616711 18
152929024 10
410311511 10
2813818878 18
1893181585 15
1468893280 3
3632174886 3
505763482 3
3212878202 19
2920475270 3
3154007259 3
1451382832 3
1724697691 3
3080894745 2
2002404868 3
3438729429 3
3081385727 3
3212121063 3
306067739 3
964439946 3
126845780 3
112807404 3
3429216089 3
1955636358 3
3293723199 3
3647333475 19
1120044994 3
3512374891 3
3317205130 3
922183425 3
2549094033 3
1013971295 3
1858638155 16
348587480 3
4098955264 3
222879300 3
3155592969 3
4039703847 3
693422786 3
2609776699 3
1094163751 3
3000473530 3
224505441 3
3949455681 3
2655741148 3
2235695448 3
1760970234 3
213386001 3
2497568853 3
3609166795 3
1975570180 3
134956583 3
3015735445 3
2343598505 6
317742714 3
3820687464 3
325083901 3
2622613026 3
1758612356 3
3497992091 17
1283885471 3
2324298380 3
132298690 3
3161385283 3
780492793 3
1605104938 3
2704548103 3
3647939447 3
1103858193 3
2776008118 3
1566795511 3
3825932402 3
3964940117 3
3554883526 3
2600583708 3
595163958 3
2851346135 3
3177349043 3
197120150 3
2448399762 2
2370296568 3
422124105 3
724401965 3
274276598 3
1192077266 3
3691331205 3
755700314 3
3957815584 3
1994494766 21
3135495544 3
1477360424 3
1467094960 3
2068970668 3
656411971 3
507382191 3
490780210 3
2358066591 3
1871871883 3
3901470387 3
3848239043 3
28701622 3
2221250075 3
1608915541 3
1836529460 3
1042581591 0
2947590582 3
2450304236 3
231270229 3
2131319693 3
309488287 3
1781798979 3
3563619955 3
3443462903 3
499167968 17
2019827989 3
3723766332 19
1534992851 3
2061459364 3
1067883390 3
25704698 3
2678389237 3
1831091968 3
4199253092 16
2376865288 16
612891118 3
2121312578 3
1646818902 19
1175408006 3
1005901026 3
4272586292 3
1044738511 17
4284575435 3
1075293506 3
3701306874 2
3274901528 2
895532725 2
3017513067 2
3656934739 15
3683071471 2
3041722825 2
2025298088 2
3505872515 2
577566552 2
356793053 2
583406057 2
1733185937 7
1623241248 2
3651622267 2
2094319772 2
2394614743 2
25796619 2
323886344 2
3058967420 2
2005818483 2
2034999634 17
2775890239 2
4289625176 2
2258026845 2
721466360 2
2797920187 19
1186968951 2
4141727670 2
3714531932 2
2352692517 2
3301883725 3
3630768644 21
1782075653 2
2851012109 2
2312792928 2
2548720716 2
2590841513 2
4149057681 2
902218018 2
1186227874 2
1698241469 2
3519259769 2
437373630 2
2095533134 2
1924057932 2
3405744406 2
3281837159 2
597208187 2
2131638566 2
604702026 2
2646072279 2
952784576 2
2954614058 2
3564220395 2
620556316 2
1515772278 10
2151932667 2
1213350342 2
3639577506 2
695077870 2
624599093 2
3990386830 2
1417697659 3
512326598 2
1690089881 2
1776325256 2
33506112 0
840309714 2
1913764655 2
48825860 2
341726687 2
3588665767 2
3435551258 2
453719965 2
3874411062 2
1772591710 2
322445997 2
874496791 2
2215819810 2
876628465 2
2734477202 15
1738443432 15
3872655229 2
4063998424 6
3454678963 2
2891028357 2
2391858662 2
1841173862 2
2971537981 2
37516555 2
2084030533 2
3654849520 2
745344780 2
3167048577 19
4176143850 2
298279681 2
2502072772 2
587714966 2
2367891650 2
1033484885 2
4008571536 2
1510354741 2
4079446620 2
169187148 2
3265398489 2
2414908769 2
618123000 2
803910000 0
1884662194 7
1152942651 2
4168453730 2
3941396527 2
1234319269 2
3576903380 0
3819188147 2
386334173 2
4235027358 2
1209254447 2
841370238 2
3934652454 2
2631195137 2
1966543515 5
629972845 2
4186232748 2
876689072 2
2653719494 2
1357267155 2
3612904637 2
2911825364 2
276274775 1
3233358319 2
3559827380 2
1632566429 2
4106053998 2
619000401 2
3985318558 23
1058931671 2
3620897263 2
3725090381 2
613792383 2
1542532585 2
4028435149 2
3645496260 2
754040941 2
45828782 2
4164827789 2
683749234 2
3331520124 2
40742636 0
4293033827 2
3344397836 2
3159338576 2
3168564737 2
1267969965 2
1444183604 2
4030992637 2
2312369357 2
2088208073 2
1347611988 0
1415973429 13
895196438 2
2184113611 2
2057585515 2
3144764428 2
12268755 2
2921144124 2
599972057 2
1754162567 2
2296494754 2
2016207356 9
3831267232 2
1194938491 3
4271522720 2
3550393819 2
2322470979 2
1025531719 2
2260861826 2
2600957027 10
2513600835 0
967735183 2
1847820024 6
3500352020 2
2907887556 2
201217624 2
412975571 2
2611620823 2
3273118166 2
83679240 2
1198794688 2
2759514943 2
1413085239 2
2201427612 2
3674806798 2
1866739784 2
3987708096 2
1472379817 2
3021341406 2
4083525997 2
1750971477 2
1894451289 2
1480842292 2
3099683013 2
4274613053 2
467003454 2
4073354273 2
203880656 0
2762511301 2
2401119320 2
776064225 2
2014454480 2
629330305 2
1318180412 2
2915872682 2
2135565254 2
562058317 2
1752105718 2
4236498400 2
2821627164 2
347033815 2
853494976 2
2708803986 2
1972785503 2
425598719 2
3372729177 2
1021334915 2
939102214 21
2917431370 2
211201319 2
2333440680 2
7986373 2
1731551226 2
618440573 0
2814798976 2
1673343836 2
2839672345 2
730278624 2
1363968577 2
1667208083 19
2572048775 2
2757604896 9
829172628 2
3080056574 2
1296048804 2
1534630218 7
833137393 2
2569309987 2
3927819842 2
1276332692 2
2725045783 2
147221201 2
1797232659 2
177097920 2
2372963124 6
3206133587 2
1528150695 2
2837619045 2
487383127 9
2992477105 2
2708765096 2
3171124945 2
3888224022 2
2157336344 2
4097452667 2
1772690455 2
4079124805 2
1520612519 2
3026597874 2
1293973405 2
634517463 2
1236141423 2
3943045239 0
2125649207 2
3256953227 15
987262713 0
1229065186 2
3789468966 2
2870155637 2
1353875163 2
4151444633 2
1673233075 2
2210689772 19
3378822293 2
2186274981 2
2748140248 2
1484383653 19
2728131796 7
3773222668 2
2682806429 2
523688118 2
3592220019 2
1244781055 2
1916251025 2
543807993 2
2174496945 0
1052700632 2
2955699227 2
2982389766 2
1783222376 2
2608393675 2
261180779 2
1650035966 2
2797777676 2
3107157601 2
1171487061 2
2628037428 2
434726356 2
3307275673 2
2399800350 2
3200855548 2
2748449926 2
1419053056 2
4163401304 2
3133952058 0
1333674764 2
1811749529 2
4249415172 2
1288931250 2
3478176348 2
3527468150 2
3904226958 2
2823250724 2
2135428076 2
1417560126 2
844735024 2
1734706862 2
1472308604 2
2905514912 3
1349923355 2
2244829428 2
1455284712 2
1040967661 2
1395037952 2
1503907585 0
3125239871 2
658478371 7
3511098181 2
2762542117 13
1736967099 2
1509410266 13
3749417182 2
3104270979 2
826635124 2
3656970753 2
3591382718 2
2302980240 2
2825851449 2
61943043 21
2664827052 2
3882859641 2
2249681143 2
2322949638 2
3581237523 2
4025284275 2
182556624 2
2578280772 2
2932993903 2
3101845670 2
2746365047 21
213426552 2
24010844 2
1384175771 2
1768686445 2
1312697036 2
3667805307 2
1950730009 3
256655515 2
571812030 2
1930124573 2
987964545 2
727344875 3
3921985795 2
2191746363 2
2224823853 2
1330175976 10
1965372176 2
3612021083 2
1287953729 2
1531044238 2
3551617273 2
2328722420 2
2225384985 2
1047642035 9
772947220 21
3964552928 2
1680607263 2
2067431823 2
1012588707 2
2545589646 2
2218880440 10
2546565832 2
110249085 0
3635461709 0
1769755790 2
855635510 2
2520895753 2
405599777 15
2585854253 2
4245808667 2
2351201663 2
3333534993 2
1440208026 2
403535460 2
4127739970 2
3997384880 2
3562565410 2
3022032003 2
4011034298 2
2111062964 2
3622089598 2
1220952102 2
1104900076 2
3726384061 2
79056548 2
2517932592 1
83546801 2
86786897 2
3912185779 2
3076662931 2
3502225190 2
1411971488 19
1787110152 2
3110743025 2
3347097339 2
1358708993 2
3488001626 2
82279383 2
1341954466 2
4101197432 2
2571468631 2
3021081907 2
1776924622 2
4172615063 2
1421487932 2
903562218 2
2501533570 2
3937855029 2
366914809 15
3239184610 2
854057246 2
2294859433 0
3991032607 2
77221708 2
3637269675 2
4212709756 2
3127707383 21
1877454384 19
988177180 2
2694336028 2
4207633797 10
9738852 2
1595670270 2
2907846084 2
1906418246 2
1933131460 2
1769586986 2
1099591404 2
1665108712 2
2799110676 2
2699299112 2
3007596421 2
32111140 2
1451759684 2
2715990909 9
1858455167 0
2985775789 0
1674510825 2
3953432107 2
52031249 2
84440926 21
2880285008 2
3214792940 2
2282078645 2
1314845134 2
287836618 2
518506781 2
1962296442 2
3886855392 2
2787256848 2
260406562 2
1998117482 5
3096231694 15
2957059699 5
1344797787 10
2332509863 5
2188969084 15
2619438195 15
3012672739 15
1021091723 21
2063281470 5
1242408746 5
2633898507 0
684405549 1
3773451101 15
1468487090 5
100821599 5
2026727734 15
1350996045 15
1607471021 5
2358893748 15
2730110037 15
2208934402 7
1750149286 15
1163442106 15
1372674641 15
3635874400 10
3359122726 15
1190694652 15
3691449708 0
2874452043 15
154274708 15
3538148380 21
1462680621 15
1893437220 15
4134441198 7
3501063762 15
4105003946 6
3921657087 7
1278486485 19
1808426264 15
3839731592 21
2207960556 15
3652072951 21
3357293289 15
4269814402 15
2661557667 15
3647398893 5
1593580367 15
242133692 19
3692915366 13
1103484697 15
2674155091 6
173715288 15
3960610319 15
1405933900 15
3447804396 15
2188205839 19
2987531066 15
2578053166 15
4009974777 15
923927327 0
86747207 15
2130192606 19
979549749 15
482356998 15
3375702740 15
3549605922 15
228470106 15
577031682 15
2336942204 15
1638770668 15
1619620363 15
2680109020 15
282143508 15
887429258 15
3607078183 7
2911159489 15
3345868146 13
3044698237 15
3379205131 15
965222546 15
1311667457 15
922762717 15
2330730900 10
501644241 19
2636921728 15
2647767404 15
1708039720 15
1173365633 15
2671369192 10
3138395693 15
2449363745 9
3817691079 15
3450306124 15
88492158 15
1237746417 18
2408597181 15
1988836292 15
3544370393 15
1333887910 15
547661724 15
1279500048 15
4245397993 15
385211212 10
2065272776 19
2735488839 15
577458680 15
4266731394 13
340341126 15
2610884626 0
3269984967 15
1682722618 15
3603075623 15
3518664532 15
1317444871 10
3148818367 15
2200999834 21
1793231661 15
881400400 15
1128320842 15
250020645 15
4033150942 15
945415855 15
1481994972 15
1627700166 15
3254106634 15
176748580 13
610937356 15
3260545253 10
3099432430 15
1151077962 6
3698464506 19
555515881 15
2702442192 15
794564847 15
2218789775 15
1616525970 0
2032197595 2
3989417155 15
2340545286 15
3804966096 15
1599246333 15
2215223399 7
1787738733 7
1193703304 15
538377592 15
3802917476 0
4238378343 15
2907511711 15
295825241 15
4159447045 15
656267748 15
794797877 15
2841441877 15
3583756371 15
3094159343 15
3792332621 15
2405670164 15
2985855196 15
3885914497 15
3386779527 18
326134943 12
453871347 15
2056529432 15
3069496917 15
3558427540 7
76222177 15
88497501 15
2283741503 0
1791229239 15
2208377961 15
3491656167 15
507011179 15
4234968490 7
3301385263 15
2510502256 15
2877820484 15
987833120 15
1145736750 15
43520965 15
1580310320 15
3445611457 15
2494748630 15
3747512266 15
532069678 10
2917486569 19
2818366360 15
217615207 15
3805385424 15
427322945 15
342621852 15
1864104580 15
4036148073 15
3839747515 15
1841410772 15
3152283174 15
3361550153 15
1281629511 15
3723640111 15
2847442011 15
3593804070 13
1619188748 15
1259240670 15
4011995954 15
1297857707 19
1266619562 15
3860754156 15
3626682800 7
2566942688 15
3144746602 15
202194302 15
698500487 15
978467089 18
560754266 7
2485591174 15
3306917828 15
368571322 15
1667696705 15
1188452783 15
4036229 10
37275211 15
1544846695 13
1730630274 15
837284127 7
2272012356 10
3665353086 15
2176758811 0
3538845201 5
951763198 18
208199185 15
1915622019 15
2623206702 15
430472848 15
2456286687 7
3898872533 15
3219627566 15
1303142543 15
3222221340 15
3268189050 15
154376071 15
1224724640 15
3986103875 15
2227769484 15
107885568 15
2540627769 10
1705406817 13
3013580754 15
2226696112 15
1069209642 15
1496607788 1
2165577840 15
3931214685 15
1728883680 9
2868599719 15
4001351158 15
3274741762 7
2333855835 15
459301335 15
1642849704 15
2341251648 15
1432571800 15
2540544029 15
1453336826 19
3689860260 19
2077201211 19
3720441947 6
1125451002 18
386013606 19
227215546 19
3096571368 18
1185972397 9
2257931083 13
3396302769 13
699961571 13
442266096 9
4122890746 13
2510033610 13
3557816205 15
87351425 13
2593807559 13
632260620 13
3474527909 13
2272434526 0
1199018856 13
4211396781 9
2864593710 13
1920687659 13
758041640 13
607172833 13
2873190838 13
2118525457 9
2259002737 6
4041217605 13
2485514507 13
3829363744 19
2032085336 13
266696088 13
2913251244 9
2373013507 9
4134859200 13
1025577536 13
642944934 13
3935800272 13
3371220433 13
2769329950 13
855178095 9
2912703087 13
3181155589 13
281146277 13
3256653829 13
2710090626 13
1181566272 9
349670937 13
2902829476 13
895675958 13
180065053 13
2394453306 13
1376936850 13
3803348010 13
213556001 9
1150724987 13
992218876 9
1993571540 13
1046922366 13
2627124924 19
1648814593 19
411335876 13
2786257474 0
3560134684 13
2865337563 13
1776793251 19
801833351 13
2863052619 13
4016625072 13
2370423292 13
895578137 13
977388376 13
666062322 13
572096658 13
3285953753 13
2415909134 9
4090738947 13
4024882834 0
2045686924 13
4077407239 19
137074362 9
2279352770 13
2234833731 13
3504408162 9
3905776114 13
4209998940 0
813785908 9
2273751195 13
1330126383 13
2802772844 7
2807605582 19
3860281559 0
2068355140 19
757275182 13
1077728769 13
3586749658 13
2346512352 13
3678470472 13
2854128093 13
2026038161 13
3854150291 13
3995956427 13
393885796 13
3818615309 2
2168767882 13
2208573949 13
1209506174 13
5757892 13
2081676422 13
2553092376 9
3044217495 9
1708091685 13
2310818227 13
1322153914 13
1074543321 13
1588601136 10
3970169731 13
684059522 13
2776552643 0
1726448308 13
1256669981 13
3150312437 13
1810810520 6
2207423804 0
898005642 9
3827164890 16
3432712692 13
216800088 13
3437197438 15
402491822 13
1296139617 13
4186504061 15
3876612441 13
1709632398 13
2801163970 21
3239094197 9
3713674666 13
435284987 9
1233776430 13
282906463 13
2128820362 13
2052876048 13
1842490348 9
3448052396 13
1202571733 13
3077294068 13
2626188738 13
2832667601 13
4096015044 13
81919630 13
412945980 13
34961237 13
2204466996 13
3448371567 13
2946397743 13
655136217 6
3661481259 6
3564874430 13
1186305350 13
192847118 7
1781137291 13
281231045 19
971573319 12
1723072640 13
976914680 7
1597893684 6
2721855192 13
236820918 12
1735835586 13
2147984215 9
1428804819 13
3758814054 7
3533670282 15
272742595 13
1469332333 13
754906736 13
2263126253 21
1120200304 9
1685139661 13
3244546801 13
2106409083 13
2605703715 13
3957661706 13
4100366092 13
887149049 13
3557069523 13
3952841946 13
2988017495 13
1122435453 9
3054111945 9
3661848537 9
3652517858 13
3214754712 9
635883582 9
2061920573 13
2413366890 9
1458943542 9
648033948 19
3034869730 2
974111868 19
846321480 2
842986873 9
1929547537 2
760218169 9
2018404154 9
2940596752 2
4118981992 6
4161851669 19
1985619730 9
4221035478 2
1113072180 9
2870172815 13
3956537287 9
1164128140 2
1939515218 9
2855387245 9
2834598877 19
4002356814 7
1199048712 19
1074542158 9
3325768330 9
3273992502 9
3658588880 9
2689570300 2
2364110419 9
2179799142 9
72394850 2
1600525291 19
3770950615 9
2304252362 2
3024316014 2
3556584192 9
731043460 9
598385728 2
2295532141 19
385356908 9
1836966775 9
3028535278 2
3018362126 9
154111322 9
3722769745 19
2238570795 9
1494267657 13
3860327139 9
2146315722 9
2158795969 9
4163355759 9
1948030342 9
2714680297 9
834469559 9
3282396792 9
2426215417 9
3173023261 9
2878618015 9
2378162896 19
1438885420 13
1094349040 23
137118142 9
489335365 9
1771606644 2
4078112223 9
2767485384 9
1357688965 0
3698137909 9
3667894543 9
1518602675 9
1907023502 9
2015126461 6
3455658332 6
2351059238 9
1088111165 13
277399003 9
2175700347 19
3889104065 9
4020676543 9
3517353893 6
296890543 2
866763342 9
133148467 9
1055898630 9
2463198838 9
3780528317 9
806124589 9
3017969820 9
1559052996 19
2773887226 9
2107426287 9
3438425208 9
3403041763 0
4285619703 9
202917908 13
3191342789 9
3589360055 9
2649617459 23
2754530128 2
2634557214 9
3307737290 9
1101611852 6
490840722 9
2145764244 9
158081322 19
2932225419 13
1061370371 9
581924374 9
3779706455 9
1776917597 9
1778361101 9
3501170651 9
3733948038 9
2940933299 9
2980670588 9
2698910125 9
1899345721 0
2216844738 9
3593907092 9
2711545145 9
2129578342 9
727512784 2
846657791 9
543056836 13
2274078113 19
4270357746 19
2397713665 9
2309817810 9
2452490010 9
961548438 9
2607372134 9
3751618864 9
2309889984 6
3004729605 9
2526738566 9
4148450023 19
2710397772 9
2973288072 2
2510087603 6
3316760321 6
1062351020 9
102886620 19
641937300 9
3034724664 19
1971314174 9
406326970 9
975871638 9
3458568760 9
257572601 9
3350258134 9
908805780 2
1958720828 9
3931908599 9
2575692184 9
1912171374 13
1441611437 13
3555546961 9
3962759771 13
339045433 9
4189524859 2
2115599846 17
923560717 9
1839061114 2
68304925 19
2113249756 9
1657465244 6
3258620636 9
4273163449 9
970739828 9
386765517 9
3329022941 13
2081268497 19
3401477067 19
64778842 9
3436089794 9
1398924017 9
2137990838 9
3884723371 16
2909223450 9
3937124200 9
4028493861 9
3241111210 13
1506806141 9
1717858019 9
2038311902 9
2437395795 9
3921080253 9
3766819158 2
644148719 9
1423888603 9
936368658 19
1647318737 9
380120740 9
1442202771 9
2219749205 10
3123126911 9
3028658319 19
367147425 9
558148483 9
2431860229 9
4274851580 9
1237677084 19
1230464699 9
2694255551 16
2178668646 9
2130745969 9
4001094361 9
1447555985 13
610005284 9
1028321199 9
1141446510 2
4183993033 9
1217182915 9
1762633221 19
718596411 9
3048450893 9
1828779283 9
2066989935 19
3325499731 9
3832091888 13
3987106113 21
1192577844 2
3017128046 13
320006326 19
2442722481 2
1170846552 9
3361148304 9
1354141174 9
4100135254 10
3835949455 9
897912380 9
1701354615 19
1949266144 9
303509289 9
1439926956 6
4082365407 9
3749999819 9
3252664194 9
3648982901 9
1307018801 6
3598995015 9
1967596795 17
3338381054 17
3454616430 16
4035425723 0
2866544305 3
1164556772 18
2826601757 17
3958455886 16
2520548835 16
4098461849 16
3293872648 16
4069900686 16
1486283672 17
883283313 16
655465099 18
4184848262 0
2004059324 16
3291901382 3
1577264617 13
3738996978 18
1439437389 16
475115109 16
1626337829 16
1860233907 16
311551521 16
3768166211 17
59666031 16
2358133944 18
922653328 16
1811940649 21
1563974753 16
2072045378 16
3691220406 16
1083144554 13
2763670751 16
3783311761 16
2004323373 16
419846703 17
1740811445 18
807904416 16
284565045 16
672610867 16
443514887 16
2069755321 6
3746930502 16
4038792273 23
3829207464 16
3095493255 16
180371282 17
297741276 21
4069086923 23
922067496 18
3967567587 23
622759216 17
1069465933 2
2469520108 3
1297150919 23
438979719 2
4158419672 17
4118665820 2
2753278616 9
2817743352 10
2318654445 3
2671316800 23
2226980964 23
26334559 3
3593135162 17
2696792460 3
3900045600 23
1963100224 3
1151784335 3
3204527975 17
167510987 7
531945638 17
1486864254 23
2238471871 17
111043902 3
3458742854 23
647724222 19
1428150082 17
3001114768 17
150610421 2
2014333148 17
4237531661 23
617118511 17
1835963058 3
2045875876 3
3226371211 3
2808354843 17
2672937361 17
3138200764 17
2730734822 17
6193809 17
910630509 17
1851434740 17
3526099144 17
908275567 17
2683610446 17
1317051079 23
2032895103 17
1904174376 3
2019858970 17
4182649179 17
2805106471 17
1197623847 2
3635548949 17
949689983 17
2416573560 17
3675922218 17
2033518106 17
2490081 17
1275067807 17
2859271524 17
228467466 23
1604603175 17
1308896567 21
835197274 2
1483174040 18
4102178375 17
3009771850 17
3660194212 21
2755175566 17
2593168607 17
2294695055 3
1108819695 17
888293415 17
99023343 17
992274540 17
2902668493 21
2841783152 17
1653423022 17
977687614 2
679193276 2
1436924342 16
250795459 17
2594775072 17
3932609757 17
398779855 23
633666529 0
1008424398 23
289194063 16
1414838292 23
2916734489 17
2299687779 23
2406447437 16
962731606 23
3361999168 23
908452596 2
1747639441 23
2353208149 23
2576223123 2
3312491747 23
3545268024 18
3206139218 23
254190607 23
2953067515 0
2841692116 17
1151526688 21
2689686279 17
3258754199 2
847117148 3
856654374 23
2741536292 23
2207683500 23
3182213757 23
1093111324 3
1708845442 2
1931157068 17
102894114 16
4103414598 23
2122758148 21
1323870491 16
3955364095 17
1427186181 23
3394448828 23
275353151 3
291231199 23
1784650749 23
1027646507 23
2545862747 23
482995095 23
3593120607 17
3076189184 23
3944393417 23
324394086 23
614252361 23
1524970625 23
3349910730 23
385229263 16
1178040181 23
1043444081 23
1867697116 23
3081906098 23
3313141336 18
219270653 23
551175966 16
706821527 23
1933366873 23
3025713778 23
2770088639 9
1375397043 3
4132885333 2
293565865 23
3625631329 23
1562331923 19
2413858096 23
318617556 19
693127678 23
2032513703 16
995195596 23
900666691 17
2597268897 23
3404396783 16
796790332 3
1313814695 16
371592328 23
4211167081 23
1768813391 7
106406305 6
4134878293 7
1809135809 7
4186030991 15
1712171216 15
2363606320 7
883802769 7
4185235418 7
834753700 7
2599531011 7
1902379917 15
3392802004 21
114958116 21
1384524251 7
3602906515 7
3881104733 13
3021056386 7
643777173 6
1196626714 7
2734730888 7
1094575515 7
3654492358 10
2007991956 6
2731517822 15
1081582714 7
1414506227 7
1571761537 7
2157827374 7
201806953 7
2399227516 7
320345611 7
1552722757 7
2732333550 13
2974596493 7
2718659680 7
1041698522 7
3840592490 13
2497910114 15
2496187620 7
3274101381 7
1417403872 7
4049524339 7
3036298852 7
2006465674 19
1803995091 15
202606473 15
532140955 7
2289385828 7
4217510115 7
673118291 7
4271427095 13
1060803969 10
241276551 7
2944585863 7
4087134227 21
2464413419 7
449379517 21
2160505520 21
4122270522 7
598558877 21
2213163191 0
7392319 21
483817663 15
4112082154 7
3280923577 7
2438263625 7
3771826517 7
512053756 19
549905960 7
3094590056 0
3324001035 7
387164004 7
2546427784 7
1070953094 0
1379101996 15
1058263801 10
2482548215 7
3789718215 7
762454394 13
2347898463 7
4088960298 7
2946203291 15
1768971950 7
1819020214 21
1029259985 7
1017926598 7
1984530209 7
317443076 13
2892451747 7
2202001039 0
101406923 7
516484867 15
1941465500 7
2312161488 0
3191957127 7
1934686137 7
3306457650 7
4173704475 2
2313660182 7
3977894017 7
2286648101 7
4061187834 7
4181686485 7
570937342 0
2726325159 7
1710895254 10
363463018 7
2839800385 19
2046761092 7
2208211844 7
66847514 7
2313126927 7
2040175137 19
2351991525 7
3256498430 7
2991713435 7
2357044279 7
1825208835 0
3994310669 0
4089459948 7
2298518821 7
3683434397 7
2903286177 0
46488871 21
3464767708 18
819685829 10
3776324101 7
4173796470 7
741989263 7
1515891806 7
1600589949 7
3708689999 7
155476713 7
3961384538 7
3945439290 7
3517075102 7
1561254783 7
1928858137 7
1841082955 7
1998051817 7
3889663978 15
472222122 7
1011633175 7
898126698 15
2967288406 7
2622839912 7
3655736820 7
1186499560 15
1426785157 7
1604128840 0
3490517127 7
1162292517 7
1501570037 19
774609863 19
3551592453 7
2841876495 23
135198403 13
1618770057 15
2658979310 19
3971037004 7
2738385767 10
3314808828 7
4171757873 7
1455924884 7
2598574472 21
3655812963 12
3133592670 10
631202363 13
1927948620 19
1423238587 0
300678089 13
3531014931 12
1194686478 13
294824097 12
1921752487 7
253549127 12
2756812774 19
494224384 12
4272317893 21
2172626413 21
1552431454 12
2770413093 21
4151778805 12
1392161037 2
50566874 12
3557648565 12
3105802122 16
2714545391 0
4118582521 21
3301531300 12
2018354131 0
3655052948 12
3094069227 12
2859847333 19
3992723521 12
1488804474 12
2339991386 12
3408776740 21
3636413157 13
679572880 12
1477549857 13
1176800900 12
3359501633 12
3057778202 12
879631333 13
1719831804 1
1715525420 1
3497137228 1
2291864784 1
1815872704 1
1237355393 1
2111460134 2
801350774 1
1946441949 1
878961530 0
3901994859 6
1790589847 5
1290467784 7
1876314500 7
1910607232 1
1856824434 15
743376000 5
214645202 2
4051845119 1
3209772616 1
3170152459 7
2328055194 18
1306093090 1
3907253900 2
1974644477 1
3866773258 1
488074685 1
3304676488 1
1570826967 1
1533216774 1
630517318 1
3471438055 1
4202621421 10
3520265624 1
1896084404 21
3994162379 14
399253442 14
1418535478 5
243296201 14
1748581674 1
1737020764 15
2544568450 8
2014820129 8
3162263411 8
1273891184 8
1093582558 4
1776045017 8
