1708448454 0
955707397 0
1859067156 2
4974070 0
388057262 0
2906464138 7
1744717204 0
2878705596 0
111869248 0
855137144 0
3900592824 0
438884152 3
2792889402 2
2297445852 3
1435113382 0
2819294944 0
969312568 0
2299850364 0
840132978 3
362131759 2
1872470832 0
1632063009 0
1143026483 0
1814966448 0
838859384 0
3555198158 0
3761032601 0
2518199838 0
1158987573 0
2117507536 0
845817145 0
3498176529 0
3317070418 0
2752483362 0
1832594930 1
3943424504 1
1850852067 0
2729970765 0
2817811031 0
3301241088 0
1374806553 1
440770377 0
1530582417 0
616950769 0
4256907399 0
1201948746 0
1427474800 0
994179664 0
1696923075 0
3033494062 0
3404808519 0
3174696632 0
822884283 0
382625419 0
1110442349 0
390725259 0
246022367 0
2621543078 0
2083569098 0
1068793066 0
2330604918 0
2227719951 0
2898888820 0
4076720422 1
1913845960 1
1941149208 0
1776329180 0
1296650570 0
180158757 0
2947682628 0
3830017364 0
529493304 1
190137940 0
3335404468 0
3227492525 0
2604450342 0
2911882665 0
4048864873 0
2163313952 0
1912450753 0
2143157341 0
1260298155 0
154148714 0
3489564874 0
3306309803 0
3633014907 0
2449150736 0
646357969 0
617522137 0
1095116635 3
2353848570 0
2341585070 0
1366110211 0
1388007569 0
1402541910 0
3944615203 0
3174729091 3
148210198 0
483632716 0
1607774759 0
2366866284 0
4074715210 0
2056617277 0
1367792978 0
4000242327 0
3996662383 0
1585612992 0
2516865989 0
685597597 0
280127867 5
2411689615 0
3235343211 0
1268353605 0
1471161527 0
4177149954 0
3759880131 0
42936687 8
1064941575 0
2468284529 0
2277234390 0
724344157 0
3576305465 0
2272641731 0
3008882320 0
1947746438 0
2350781002 0
1965752796 0
910014205 0
469638913 0
536486355 0
2281919350 0
1672029788 0
2684034262 0
2753526513 0
2954778162 0
3277444683 0
2664378354 0
1884738449 0
4040955472 0
930742924 0
3295711821 0
3597114642 7
3305731845 0
3122044487 0
2023601543 0
2967152954 0
2598169446 0
3379760065 0
1769124305 0
4018102399 0
465059601 0
3595369464 0
3578690382 0
4195912366 0
3028419024 0
782591035 3
626650727 0
473053519 0
2097341090 0
1211893571 0
789672965 0
2075065764 0
2389166076 0
1108375408 1
2236176940 0
627347274 0
1687169961 0
25530675 0
2283182014 7
3211951756 0
162891728 5
3056007542 0
2535901933 0
832646936 0
4050010164 0
1537559135 0
3085088495 0
429252320 0
2754071142 0
1992179411 0
2074045530 0
1363987251 0
830628451 0
152427565 0
2959480878 2
771944494 0
4278609110 0
938211310 7
2850958059 0
3944724077 0
4047155842 0
688667654 0
856026692 7
959779131 0
2616104196 0
3570602342 0
2647253691 2
3011774780 0
3977649069 0
2460905721 0
498557561 1
4166836547 0
2896809203 0
699267316 0
2065390024 4
3595176966 0
2504658859 1
2917450444 3
3190443270 0
1621748193 0
1984049701 0
916711465 0
4010702561 0
1178918094 20
3001587331 0
1562447490 0
3181006362 16
636706505 0
1348569198 0
4096471825 0
3141852139 0
3511537049 20
3610550217 0
1039601285 0
1796723093 0
1076638132 0
1649386800 0
2350317043 0
2753844301 0
2780183017 0
3218899944 0
4142846766 0
2007887142 0
4272730966 0
651368883 0
3722051407 0
2085826535 0
81543632 3
361257409 0
355753462 0
4209646716 0
914987599 0
306145293 0
2966610424 0
130721352 0
3134349116 0
767048166 0
2859536510 0
4072859725 14
2809598621 0
1969246820 0
3172014625 1
3203236789 1
775877264 1
1350572102 1
932895954 1
788186007 1
1295316368 5
3362746224 1
2476239612 1
1221504648 1
1570172987 1
3879812384 1
203244246 1
466529334 1
3217844985 1
3253333293 1
2339362679 1
1973870832 1
1757286195 1
1017412168 1
1440623234 1
3405182234 1
224829068 0
3530303702 1
988314268 1
2809405900 1
3912900271 1
4057837232 5
1626235044 3
2727433586 1
3122919371 1
59717221 1
158781206 1
1653255475 5
188196006 1
764835364 1
1275901413 1
894839465 1
4275351607 1
3308746791 0
367087453 1
2830244696 1
3660089982 1
1641858544 1
3680267226 1
2158529202 1
1687900031 1
3087128481 1
3232642717 1
168522168 1
1107569136 1
3541439371 2
3296060082 5
3124796841 1
1587767461 2
134611247 3
3938345461 6
1747404475 1
1022567372 8
2996252938 2
2556506122 1
1513891782 1
3222518215 1
257942719 1
3010194187 4
1070839267 1
1585238749 1
3322739512 1
734952707 1
2420210904 1
4056898216 1
1391160309 1
2995032259 1
802992201 1
64366012 1
1998096917 5
2599447397 1
3142779949 3
808374759 1
3147697223 19
4096747219 1
3826792859 1
2593897943 1
3239031191 1
3783379184 1
3560204405 1
3853093388 1
485749819 3
2653034405 1
30263186 1
2143119583 1
3051743872 8
2860491764 1
3413341817 1
2432889634 1
245715417 1
1123198694 1
3907132188 1
2994602580 3
3983536843 1
143118596 1
2747084317 1
3646479043 1
529124229 1
671973326 7
3170248913 1
1454720311 1
1069034959 1
2638690757 1
1103728482 1
3606155328 1
3929275475 3
3246939955 1
3506965384 1
976974084 1
1506031324 1
980768571 1
2025253032 2
3209941903 1
1769009399 1
153443378 1
550382095 1
2613802300 7
2772302106 1
1656782909 1
227554992 1
113017757 2
2792627702 1
2395610824 1
3234978167 1
316889074 1
1304873504 1
3392415933 1
2395057470 19
3125182649 1
3297820978 1
728263782 1
1469290246 0
3274854896 1
2684189305 20
1719187889 1
3030231210 0
385947584 1
2894569680 1
2992920084 1
1493325772 1
2712646065 1
609789774 1
398330392 1
432939910 1
674786842 8
3155811282 18
1264144960 1
2704590319 1
4086223884 1
3721070175 1
3015445288 1
3449658796 1
2845988304 1
4272008897 1
794290425 1
4020218418 1
1752649528 1
862583784 20
2194805820 5
2343659312 1
1996544035 1
990134120 1
3058416440 3
1163905741 1
3094535175 1
56901720 1
696249816 1
1580952329 1
1757528929 1
1716877105 2
1222379069 1
1721410001 1
1153083447 1
4019858244 1
3628151783 1
3822804604 1
907871668 2
2321803090 1
1411961908 1
107666328 1
1802037935 1
1718160794 1
3215792708 1
3589868677 5
3023777020 1
3653730175 1
2341541125 1
2946134391 1
3656158868 1
1859144380 7
4240224436 1
3398945582 1
4004998849 1
3725373594 1
3270800530 1
757564033 3
2200081372 1
1239459826 1
3672471752 1
2058103559 1
565298731 1
1573434509 1
2180119090 21
2970732230 1
1216994612 1
1562703582 1
249671640 1
62326945 1
4210820876 7
2047966680 1
1805547605 1
624309295 1
1181765099 1
3107593703 1
708435918 1
1325278874 1
453130681 1
167408365 1
4012332499 1
2286687921 1
116995925 1
995647617 1
2901357313 1
827164080 1
392797563 1
4112656109 1
2755768358 1
3364234423 1
1045588349 1
1543624294 1
2791792153 1
2818603253 1
587831621 1
3171729079 1
1314845134 2
3560403146 2
2488875665 2
1966543515 10
1440208026 2
103551389 2
1542532585 2
2296494754 2
1389553644 2
2249681143 2
1358708993 2
1258328850 2
1776325256 2
3169811258 2
2682806429 2
2911825364 2
1824071359 2
4293033827 2
1748786797 2
2517932592 8
4015641857 2
229492748 5
2746365047 1
618440573 0
1769586986 2
1318990461 2
1417697659 4
467003454 2
730278624 2
921362198 2
2513760274 2
3080056574 2
3731182548 2
2891028357 2
1771124512 2
37516555 2
716145142 2
1421487932 2
3017513067 2
942548447 2
2955699227 2
1906418246 2
3773222668 2
2863906799 2
902218018 2
685681325 2
2102313834 2
157111492 2
876689072 2
1500048787 2
4215366734 2
3656934739 7
2372963124 8
1743429039 0
3568381755 7
3133952058 3
2125649207 2
2067431823 2
3564220395 2
2282304240 2
2797777676 2
3244202007 0
599972057 2
1472308604 2
1813203526 2
2699299112 2
2971537981 2
356793053 2
348429275 2
2333440680 2
968209663 2
1333674764 2
1531044238 2
2184113611 2
1353875163 2
2357564100 2
1116216404 2
3882859641 2
3621977546 2
615665806 2
2917297744 2
2249355710 2
1099591404 2
3419499801 2
1411238015 2
2112903736 0
38153376 17
3083255646 17
4257327992 2
1665108712 2
2998172376 2
1985800043 1
261180779 2
3254676119 2
3776077237 2
866173292 2
298279681 2
3041722825 2
2907846084 2
3206133587 2
1158514647 2
289946407 2
2260861826 2
634246055 2
2762511301 2
1464652939 0
4028435149 2
79056548 2
854131213 1
2016207356 2
82279383 2
3573579267 5
61315988 5
3284987077 2
1504443457 2
606906370 2
266311039 2
2511550887 2
895196438 2
826635124 2
2238596442 2
3872655229 2
1772690455 2
4195089888 2
4008571536 2
3236094991 2
2502072772 2
2631195137 2
1293973405 2
12373274 2
2095533134 2
2027709662 2
3749417182 2
2282078645 2
1076566382 2
2302980240 2
1229065186 2
1783222376 2
1802382844 2
2363309105 2
543807993 2
1472379817 2
745344780 2
3519259769 2
3674806798 2
1290913497 2
2499920243 2
3553612181 2
2730524152 2
930136064 2
2646072279 2
523688118 2
4164827789 2
3650860134 2
3378822293 2
3285365326 19
3273118166 2
2727148670 2
3755902775 2
260406562 2
2312369357 2
1962609334 2
3173687622 9
3741458041 0
1498905161 2
501812572 2
3612904637 0
3021081907 2
1276332692 2
964308976 2
2715990909 17
3701306874 2
820933783 2
177097920 2
1288931250 2
1142988103 2
3576903380 0
3097301901 2
1736967099 2
1480842292 2
2490249162 2
3654849520 2
2057585515 2
1209254447 2
4025284275 2
40742636 0
844735024 2
1267969965 2
867937953 2
3333534993 2
1236141423 2
2737943649 2
2572590181 2
4217290174 2
156300108 2
2638914495 2
2799110676 2
4235027358 2
3888224022 2
926904357 2
3725090381 2
3011469650 2
3428064615 2
691058844 3
2155122592 5
4277781466 0
3649943260 3
3535610852 3
757609797 3
2618351894 3
449601237 3
2406301643 10
1479300245 2
2480974885 3
4282356716 3
1313042662 3
2614417123 3
80095216 3
1173188098 3
3761307776 3
425050975 1
2276567526 3
1621911569 3
663340686 3
465472357 2
302251045 3
1678350161 3
653305886 3
2053176339 8
2706702089 0
1320966484 3
3813113027 3
589096762 3
2862905595 3
3160491588 3
3113636385 3
1954871691 3
2036063044 3
3164879930 3
789277648 3
352215296 3
2110417160 3
2833906515 3
4288513428 3
1749517924 3
3662692545 3
3269430471 3
3514806619 3
117077929 3
1208863308 3
1698627107 3
3849501032 5
2977705726 3
1167699346 3
3189046830 3
3560515245 3
2354788962 3
3537332069 3
420720363 4
2139962560 8
704277635 3
3633940090 7
3359599614 3
3875927214 3
1468632001 3
1038835916 3
91292537 3
2034921157 3
3345080798 3
2032137015 3
484376167 3
573743883 3
443880637 3
554006519 3
1991800812 3
778946106 3
697617239 3
3917784529 3
2577739951 3
2367273309 3
643317051 3
1008026099 1
2143481080 3
2594686561 3
2030907322 3
2349391151 3
4129002758 3
568100073 3
395916497 3
1398247608 3
313939917 3
2819988859 3
2295372055 3
2621211892 1
3758398177 3
735058997 3
927593006 3
3139505610 3
1146376844 3
2729555425 3
358189630 3
2100365794 3
2393900140 3
3557295820 3
2735557194 3
659827514 0
3716782899 0
2884340712 3
2235531506 3
3950793021 3
3504988058 3
622340080 3
2127373574 8
1432391948 3
2073952785 3
2890446536 3
1829034798 2
3966430910 4
2083771769 3
2004551205 3
339051417 3
861901807 3
3307810524 5
4059004237 3
2470042336 3
4050783756 3
1567332016 3
1885155198 3
4262733670 1
1453456180 3
2782625468 3
2929345897 3
1083458807 3
1289874969 3
1870406467 3
142848094 3
484512045 3
3342315138 3
1127424310 3
2193197474 3
2970298879 3
924001928 3
1952991030 0
2390017625 3
306386886 1
3596827504 3
2478451911 3
4289644500 3
1294028312 3
1062865873 3
4077065853 3
3623624864 1
3835398272 3
1044745782 3
2196319976 3
1193218157 3
3339868710 3
3110436580 7
2911908091 3
476634926 1
666188945 3
3758142368 3
3935533226 8
2427633329 3
1395987525 3
2054129598 3
3493867507 3
2547183189 3
359025408 3
4148519642 3
2708587821 3
2581087862 3
1854859728 3
3667450166 3
1043385908 3
256060979 3
905960610 3
3567816530 3
4067158392 3
4249987039 6
3975732611 3
1008865634 17
483532833 3
3873634201 3
2271143964 3
4046226111 0
3930799010 0
3807794636 3
2666592000 3
2635091441 3
1098559050 3
1894854424 3
3033428463 3
1242649409 3
718460667 3
1018508855 5
1603692096 3
2412776902 3
515216097 3
842343940 3
3733365808 3
2945238066 3
2050021708 3
3615369077 3
707219289 3
1779572848 3
2636462097 3
3954244970 3
2902025306 3
1780511294 1
407371255 3
1531568359 3
925191448 3
1755306255 3
2935942058 0
659408433 3
3939712322 2
631453761 4
1606915964 4
3957815584 4
110817521 4
860496718 4
3443462903 4
1881393023 4
306067739 4
724401965 4
922183425 4
2221250075 4
2102613357 4
22341959 4
1094163751 4
2776008118 4
3154007259 7
224505441 4
213386001 4
2569842285 4
2922189504 4
4097015175 4
3081385727 4
3212121063 4
693422786 4
1042581591 2
231270229 4
286748654 4
1467094960 4
341285286 4
1724697691 4
359120949 3
3972242697 1
769843678 1
4178715962 4
3597230413 4
2278177320 4
2348266369 4
2497568853 4
2688340547 4
427713881 4
1191435470 4
1133209415 4
317742714 4
180913041 4
1871871883 7
3000473530 2
302095091 2
4243319054 4
1103858193 4
1068716490 4
3563619955 4
1831091968 4
3015735445 4
3647333475 4
274276598 4
1080777821 4
2231923037 2
2448399762 4
1605104938 4
3512374891 7
132298690 4
621040585 3
2019827989 4
3155592969 4
2569262608 4
2035331370 4
422124105 4
4108082114 4
1975570180 4
3825932402 4
1621899998 2
1529774447 4
2776414506 4
3293723199 4
4106270975 4
1044738511 4
2131319693 4
2904491370 5
1638770668 5
2695873215 5
2251771910 5
1479445061 5
1562344459 5
1728883680 8
1765141236 5
2426538332 5
1173365633 5
3788382461 5
1279500048 5
2405670164 5
1281629511 5
154376071 5
2195703496 5
3260545253 3
1642849704 5
2471663940 5
509691719 20
1820879291 20
51509699 5
2333855835 5
2618836272 5
453871347 5
2176758811 5
3805385424 5
1203885017 5
1468638794 5
1648089260 5
4159447045 5
3894703688 1
1735678799 5
2340545286 5
1599246333 5
3061068361 1
3652072951 1
1614195950 5
2757309171 5
202194302 5
173069383 5
1410892460 5
4105003946 8
3804966096 3
1303142543 20
4206598664 5
734779972 3
3359122726 5
1868324733 5
3301385263 5
3898872533 5
3222221340 5
945415855 5
541911599 5
1864104580 5
820212154 6
3596247227 5
1311667457 20
777114330 5
1667696705 5
2623206702 0
2198330371 5
3875278519 5
4167703283 3
4015793694 5
3094159343 5
2218339321 5
3937965862 5
2456286687 1
2680109020 5
837284127 5
2188205839 5
3635874400 3
2494748630 5
4238378343 5
501644241 5
2208377961 5
1193703304 5
2510502256 5
482356998 5
37275211 5
663897415 5
2330730900 3
3268189050 5
427322945 5
1201759851 20
598946125 20
2912590904 20
887551570 20
2099789026 5
3080206560 5
2677132898 5
2891398242 5
2258895291 5
1580310320 5
2821587943 5
3186453770 5
887429258 5
2846502430 5
3296211439 5
385211212 5
3989417155 5
1393767453 5
1363800378 1
1893437220 5
507011179 5
2056529432 5
3544370393 5
3013580754 8
895611537 7
1069780738 5
3921657087 20
3698464506 5
478272748 5
2566942688 5
176797910 1
3691449708 1
215862011 0
4009974777 5
2226696112 5
2907511711 5
3335185539 5
2690377428 5
3817691079 5
271993685 5
43520965 5
577031682 5
3734428172 5
4269814402 5
1357191143 5
538377592 5
14052676 5
3450356057 0
3593804070 5
2636921728 5
4115399884 5
2818366360 16
3723640111 5
2485591174 5
1259240670 5
3144746602 5
3603075623 5
2463611662 5
3237348395 16
378479648 5
1432571800 5
3357293289 5
923522546 5
1103484697 5
3647398893 5
93252296 9
391892778 5
3148818367 5
2032197595 7
1190694652 5
3269984967 5
2215223399 5
242133692 7
430353487 6
3608849719 6
2278674800 3
4255362796 3
1922557353 5
2600802879 5
735932599 5
3319115271 5
4009213650 7
3374008361 6
159918522 10
1113368734 6
3455893172 17
786822975 5
3300148883 6
1187036619 9
2265934909 5
1233319259 6
2535121987 6
2026011643 6
4118965963 5
3574364038 5
3605269886 6
3347474343 9
2912086612 6
3786917684 3
2009663151 7
2922691540 6
4227970308 16
615818331 6
4090616711 6
4219580533 5
4209374165 5
154322610 6
2727476095 6
908177676 6
2594863431 6
3584932437 7
71503415 3
94631508 3
3785682458 17
1621576110 4
3433121298 5
2527130071 9
1833903246 6
436210182 7
2019132569 7
1832593451 18
1688327138 6
2284504630 6
4131613629 4
395273701 3
1527426904 7
3703160374 3
1059369077 6
1320696956 4
2157979884 3
4206591674 6
2065908507 6
1790935045 2
913792845 7
1337943674 7
2000233921 7
2549595061 7
2893797632 7
2614945516 7
3074280423 4
3745278147 8
2546226754 7
1120732824 7
2425926439 7
3821546905 3
74177275 7
4259122515 7
2644430976 7
1376534654 7
2350481829 7
3720358657 7
874222463 7
2757502353 7
1284157111 7
3382170463 7
3546370517 7
205379878 7
4110352980 7
1366286970 7
332667065 7
3347673971 7
1575306183 7
85082265 7
1521932614 8
238304622 7
2685049619 7
2820758338 7
946863527 7
1613209073 7
1173633121 7
3371646110 3
3142527294 7
1347634743 7
54400658 7
4018154480 7
1996948308 7
589373648 7
1690845452 17
2753528805 7
3075368099 7
991783034 7
3088799875 7
2180280988 17
3011797568 7
2721489585 7
1893500733 7
1672847332 7
2531281699 8
2159647507 20
1429764873 7
1902249412 7
30916217 7
3288610220 7
867187989 7
1822329922 7
3518960652 7
3856404928 20
1979440660 7
2152243062 7
1389408698 7
476364306 8
4080202936 7
3006409236 7
1777581051 7
4247422337 7
2987041781 7
2790498072 8
3785172792 7
1007530360 7
3077224956 8
2170768158 7
3500455104 7
1807313894 7
432013805 7
4278590905 7
3514154837 7
1193165462 7
21157833 7
2648932322 7
3207736222 7
2181303 7
2278226490 7
3331449230 7
2203412224 7
3447227265 7
3988571375 7
3622942251 7
2509269644 7
747053175 20
1681044654 7
634055788 7
1137272502 7
102847604 7
2120756568 7
2508727449 7
4104246038 7
3190521369 7
4025165845 2
4288454311 7
3230303673 7
849908637 7
2187731273 7
1464768024 7
2945651315 7
1532982481 5
974644227 7
3943426989 7
971162523 7
174477195 7
2345481283 7
4140974595 7
3117258192 7
495993234 7
3602915882 7
1411668407 7
319822499 7
3545899756 1
2653574923 7
472820589 7
3300562385 7
1228378097 7
3403001040 7
2331427725 8
2479438356 7
630776629 7
612159137 7
3232324768 0
1809996598 7
3009535395 7
3816994574 7
2456221890 7
1529673024 7
3579877260 7
1389031439 8
1281866377 7
2612112174 3
1248102284 7
209851390 7
2834390730 7
3714639498 7
111002220 7
2005601272 2
606135944 7
461319586 7
874485767 7
3928048044 7
990136828 4
1083797817 7
1209964362 7
3277171284 7
344210678 7
1671477151 7
2760734380 7
1810770450 7
2167155194 2
2098419215 7
2559299309 7
3843098069 7
2334339114 7
537841672 7
3368801615 7
84110665 7
4261958973 7
2632292686 7
3621626688 8
777779746 7
2918663904 7
2591310299 7
2811532215 7
4087708855 7
1293355418 7
1236145634 7
1096673906 7
2828543487 7
1115651900 7
1804460747 7
1064246086 7
1217382500 8
61398306 7
2040085960 7
3723617073 7
2745712650 7
2598712664 7
198564146 7
3433580282 7
1448976176 7
1595730111 7
1893629569 7
3453124718 7
3857592300 7
3541673408 7
3096275081 7
3221512783 7
2407754853 7
4291890905 7
3971339336 7
2972363927 7
2725114199 7
4197790973 7
1046551981 7
1832657079 8
2989905274 7
3826968671 2
1417349986 7
3378413765 17
2508759504 7
206739467 7
3593091763 8
197870931 8
3160537826 7
1169204740 7
382208665 7
2791051328 8
18044686 7
815674318 7
3282115390 7
4260527631 7
795704692 1
4045056759 7
2113905785 7
304166836 7
1874130582 7
641694620 7
1394277958 7
3041466293 7
3241237710 7
658158917 7
1293233306 7
1330811937 7
1554408652 7
2420770980 7
88567008 17
2649895725 7
1402868206 7
404045518 7
2213099036 8
3101347127 7
1398480969 7
3283813312 7
522928958 7
3471622035 8
3816165230 7
14678016 7
3505719818 7
2625223291 7
3028657170 7
4246096537 7
4066280939 6
2845713286 7
3803698445 7
1119332299 7
1842029765 5
1866693800 7
1468492796 7
2529002451 7
236992069 7
12963368 7
3075848766 7
378345287 7
3951968455 7
3904545768 7
2565521181 7
2653911653 7
4181674213 7
70469026 7
3222481243 7
2748803535 7
2697091335 7
55643061 7
3618783290 7
2445628711 7
397152888 7
3819198527 7
1655671165 7
1160665232 7
4050190193 7
1353079512 7
2053559991 7
1361862662 7
1372335854 7
2548917458 7
912265757 7
123456775 7
506569681 5
3784711352 7
2448807431 7
3365292376 13
3812782867 6
3611162675 7
196779186 8
1609111072 7
781918713 7
2349775669 7
1014759089 7
776930862 17
4047576879 7
2385058009 7
3446970429 7
2287491731 7
73167388 7
1947292712 7
3425180550 7
2609261226 7
2609897083 8
2654854235 8
2166501558 8
2426438417 8
3459980747 8
235850832 8
3415961982 8
209905173 8
3024124571 7
583265867 8
3579051275 8
140392557 8
300499159 8
4267167898 8
980681886 8
595239809 8
4006628083 8
1660738536 8
863894136 7
2672319702 8
190739074 8
1315666521 8
129176513 8
2627490276 8
471049852 8
3129208472 8
4197726500 8
3116550509 8
643348659 7
1876492252 8
1091742287 7
1718957766 7
3010564661 8
696031153 8
3271799816 8
3879223919 8
426434386 3
220666553 8
3198198674 7
4026218711 8
1803721503 8
146628095 8
2442366183 16
1294221565 8
3842459270 8
2470784135 8
1307448490 8
4120965592 8
2418450424 8
1915792183 8
2542625332 8
3508548545 8
1649164969 8
2329236916 8
3730101094 7
844118309 8
1959456484 7
3138292790 8
383812009 8
2840990336 8
2541230031 8
2403771022 7
3708013221 8
2305155013 7
666664344 7
2649888236 8
2403702683 8
793155201 8
1652744381 0
4220359858 17
3944547797 8
767897026 7
633143628 8
3965098855 19
630609803 7
2028777410 17
2524177961 17
3000792252 8
3273285086 8
2369695405 8
777399612 20
3879436841 8
3820357410 7
416215269 7
3876232378 8
2640850807 7
1433784970 8
1286949985 7
265582508 8
562054811 8
1998117482 2
3932376920 10
1468487090 9
2208934402 20
662255749 10
1607471021 9
2633898507 9
2026727734 5
2746803013 3
2561590222 9
3096231694 5
2358893748 9
880696931 5
3921383718 1
2347962569 9
214645202 2
630517318 10
488074685 10
673051538 10
1910607232 10
2773697342 10
48542961 10
1306093090 10
2291864784 10
4051845119 8
4202621421 2
102746618 7
157086944 2
1290467784 10
878961530 0
3384416562 10
2732413407 5
3901994859 8
1570826967 5
2328055194 6
3374313330 10
2705917389 5
1974644477 10
1790589847 10
1715525420 10
730161328 10
551892791 7
494267090 10
1993321383 11
3520265624 5
399253442 12
503152263 12
609223603 9
1418535478 5
2238471871 13
700448044 13
4182649179 13
3526099144 13
531945638 13
3096854037 13
1174715512 4
1795033961 13
854426456 19
3204527975 19
606297600 7
1085115652 13
4069086923 19
4118258968 13
1275067807 19
2672937361 13
26334559 19
2318654445 4
2671316800 4
2639345014 2
3001114768 13
1851434740 13
1483174040 6
1151784335 13
2762441460 13
1802730859 14
1665720848 14
4007004915 3
194910087 5
3376070572 14
910233938 14
2176471222 10
432330417 9
436018139 4
1154230040 4
4218761869 4
993322429 0
1666489706 5
895578137 16
3236655956 16
2108153701 17
1233776430 16
1806141967 16
3860281559 16
266696088 16
3818615309 2
4013503321 7
3758397516 16
4211396781 17
3315588115 16
1202571733 0
1665799666 16
4016625072 16
2902829476 2
402491822 16
375495627 16
3950342743 9
2648092463 7
3067486642 7
2334651301 16
3028951676 17
1742409472 16
555731425 16
2012076902 16
411335876 16
2863052619 16
2710090626 7
1919214428 16
1296139617 16
607172833 16
684059522 16
2912703087 16
115374728 16
3095869436 16
4134859200 16
1353839015 17
282906463 16
2415909134 21
855178095 17
2366230469 17
2011528496 0
137074362 17
2414604245 16
1701354615 7
834469559 17
3780528317 17
3681679008 8
495231855 16
416312950 17
1825600020 17
1096691864 17
303509289 17
3749999819 17
3393389459 17
1192577844 2
1532572427 2
23446357 17
3749733973 17
1447555985 16
2309817810 17
2378162896 17
263126872 17
490840722 17
422448057 17
3361148304 17
2238570795 17
3241111210 17
846657791 17
485707038 17
299422612 16
3770950615 17
3968533454 8
1164128140 17
1609829202 17
3987106113 1
2158795969 8
3980857616 17
1399260438 17
4120396532 17
2066989935 7
2784421417 8
1565975744 2
879517198 8
1985619730 17
138217881 17
68304925 7
3273992502 17
768573895 8
3921080253 17
2003965081 17
2309889984 8
936368658 17
674147198 17
1535143727 17
3903523393 17
806124589 17
1506806141 17
559023536 17
3371363180 17
3376783827 17
133148467 17
244654310 17
666822528 17
4020676543 2
1836339465 2
1526537978 8
4001094361 17
2741929828 17
1565504500 17
2909223450 17
1730702537 17
367147425 17
1722791392 17
3150968152 18
2603366180 18
443514887 18
174576328 18
3783311761 18
1568318947 0
922653328 16
1083144554 17
2077828642 7
3625631329 13
3252596515 19
3432383642 13
1732520016 19
3361999168 19
614252361 19
2689686279 19
86816768 19
3903179524 19
1007476152 19
1562331923 19
482995095 19
321441431 19
3313141336 1
3593120607 19
3545268024 19
4048039902 13
3076189184 4
847117148 4
2299687779 19
1708845442 19
3427601116 19
1151526688 1
3348793633 1
4178532107 19
385229263 19
2841692116 13
947705753 20
2599531011 20
1417403872 20
4271427095 20
2202001039 0
643777173 7
241276551 1
2160448957 5
2497910114 5
639763937 1
2718659680 20
2351991525 20
4191921686 20
2546427784 20
4252751373 20
1058263801 20
2496187620 20
2839800385 7
66847514 20
1113374428 20
624828824 5
3708689999 20
1712171216 20
2595397994 20
2974596493 20
1384524251 5
2046761092 20
2533419036 20
3397618227 20
2622839912 20
1041698522 20
1501570037 7
2320393325 20
876461361 1
3843630652 1
3945439290 0
471267868 20
2818990015 20
1417130749 20
370574854 20
2225162539 20
1036636461 5
3021966574 20
46488871 1
432617408 1
4185235418 20
2555979909 20
2475610736 20
2040175137 20
483817663 20
989870438 21
2018354131 1
50566874 21
114374360 21
161385947 21
1488804474 1
1477549857 21
300678089 21
3636413157 21
