1527650188 0
3409065614 0
4148803665 0
3329653953 0
4174685807 0
3153317014 1
1745235444 1
3316773990 0
1749401299 0
2658620863 1
1989033623 0
262791005 0
1296947076 0
2572997895 1
2932613951 0
1985682780 0
2954571460 0
3321201007 0
544733447 0
3264720274 0
2641047184 3
4231589085 0
164264780 0
2254891492 1
1799638319 0
1819584807 0
3855498781 2
3983894170 1
2322512349 0
4282242219 0
1185208238 1
1568112724 0
81600019 0
3319195369 3
1769607056 0
3867128828 0
1197798921 0
15856946 1
3227222573 0
3332380692 1
2651670672 20
2116426664 0
538886585 1
3314650696 0
4208805236 0
3354821166 1
425122371 0
3015410321 0
3171292699 3
2195403341 0
983139358 0
1139100386 3
3911087616 0
3345442534 0
4264659241 20
1299061381 0
234841569 0
3175110191 0
3101016815 1
4156280922 1
1742429227 0
545244044 0
505729044 0
928251219 0
1883524287 0
3350227117 0
417591188 0
872148246 0
506343293 1
2579917223 3
3055731999 0
1893911498 0
1535663818 0
2917626331 0
4082846805 0
3447434261 4
1908507323 2
1037508958 17
2051354441 0
1978754492 0
1456508255 0
3503615096 0
2416077215 19
2946689036 1
978948799 0
3804418826 0
4181924294 0
186827729 1
3990051964 1
2431656820 0
3414339931 0
1328937360 0
238590278 0
790467937 0
4258043886 5
204017752 0
1722183416 1
3896729867 0
1761795731 7
2768703175 2
67209006 0
1182904740 0
1455476619 4
1966867958 1
3291111190 0
3791732888 0
548334699 0
1002739398 0
1258981026 0
2376752138 0
2094899700 1
1094791146 2
2032561256 1
720949954 0
155708172 1
3531867167 0
4092631499 2
1695777030 0
3574888397 0
1986762241 0
1845316264 1
271910634 0
184090414 0
3612792917 0
1398172715 0
3374157533 0
4090819444 5
3309868742 0
3401735876 0
2709314519 1
901670446 0
4193297895 0
4216216723 0
2658818913 1
2247228830 3
433030790 0
2389931074 1
1348352100 0
3338107151 19
3165473557 0
397575166 0
3614816447 0
1585347250 0
1995977359 7
3957052291 0
3996290286 0
3048930796 0
642910441 1
623523633 0
813958060 0
3803757716 2
2710784213 0
828026389 0
1533580676 0
3579998187 1
3485286338 0
2134409940 0
1195692106 2
1850371455 1
2317130921 0
2332317018 0
452058320 3
3935199783 0
1462773255 0
4277481913 0
3555966458 0
874959733 0
2210400216 0
3515312117 0
2087882171 0
2907466389 2
225830521 0
3636867965 0
3368004379 1
3967965436 0
2670586930 0
657289529 0
3158002817 0
1412024149 0
4230046641 0
4228159464 3
1856652175 0
37366273 0
1786694858 0
329836529 1
2207017639 0
2090415415 0
3169226430 5
3391413384 0
3672587136 4
1979125931 0
1410657533 1
4086391365 0
3674120241 0
732848402 0
3738951740 3
1145412348 0
2717688955 1
3130296258 0
877429949 1
700284884 5
3820047131 0
1620179565 7
26168333 1
3053096682 6
478248357 0
3966085242 1
828972663 0
2427479620 1
969471154 0
1509547438 3
2996426823 0
1487189573 1
2808522752 1
3043453476 0
3599006307 2
4266540839 0
2406614453 0
739707997 2
1717289979 0
567988372 4
152071987 0
4223369662 2
2616965876 2
1990013803 2
1195723233 9
3780324296 0
3867131573 3
165530670 1
1057768978 2
497455633 1
1799315869 0
221972676 1
1537916043 3
562908283 3
2348817311 3
3509696164 4
4116557535 0
2630949716 7
27773850 0
3780691472 0
3741791257 0
3698973826 1
818264432 0
2453300868 0
3695039419 0
981530001 3
2062439393 1
3513500599 0
2987116615 0
4177288399 0
186647908 0
3408370487 3
4164597121 0
2355686101 0
1454844368 1
4153917592 0
4138131680 0
1707618426 0
24124748 0
3643064987 0
431108887 0
3500514331 0
754357024 0
2245596 0
50307388 0
690465554 1
3183498789 0
842067334 7
1383998161 5
235999865 0
3337767352 0
2065952609 1
1463025055 1
1009310420 1
1756289280 0
4193513391 0
262977318 0
3180119131 0
197744310 5
2633635369 0
3260153330 3
1830507129 2
2505444957 3
4074147081 0
578408760 0
151460241 0
2394937763 5
1931763827 0
776210628 0
1632917908 2
1378556949 0
269038570 3
3675562803 18
2044669843 0
1547931375 3
665154302 0
19074194 0
731205120 0
3250486334 0
3656497519 0
1966883095 0
3443640343 3
792335501 0
1244161371 0
1452365444 0
4283547863 1
3070456212 1
1362270935 1
1308240131 1
4161989455 1
102647338 1
2161306729 0
2898731268 1
1987980503 1
3469238348 1
4049830484 1
3660414214 3
2060713280 1
1470336571 1
4199774622 1
992207173 1
3775783312 1
4034568263 1
2029930304 18
3563267133 1
3493404574 1
990367470 1
323392760 1
3817346975 1
1245426669 1
3141337766 1
2567089852 1
491600222 1
348916685 5
1242295111 1
3073706113 3
1359713028 1
3537492943 1
760523583 3
4162158499 1
1148763604 5
4093024548 1
1091558431 1
58285004 1
1920718489 0
1414363457 2
762485553 1
2380537823 1
929294117 1
1887523977 1
3864567185 1
1433595716 3
1431279096 1
2023976776 19
3283552733 1
3060360563 1
3002340051 1
278836934 1
75426082 0
2783568347 0
2970582943 1
3831849051 1
3513765415 1
3678770187 0
4273498115 1
315761952 0
1727636257 3
1623443917 1
3434770666 1
202998104 0
3945638534 0
3744499982 1
1726789885 1
1488048179 1
144907347 1
764573816 3
2414831473 1
2120687377 1
3495753039 0
2640184746 1
3460624380 1
856847136 2
1489567754 1
3913895305 1
1727496701 1
395508410 1
3572889525 1
1364733109 1
3680438058 1
2234115229 0
55759124 1
191983612 8
2664514304 2
2967939243 1
4229679480 1
2706925172 1
3283925934 1
2293443207 2
3294207985 1
850639091 1
3547699952 1
3516433413 1
2659437543 1
3174870044 1
521479424 1
2578271967 1
1144104511 1
1983172023 1
2389462655 0
4160125099 1
4229752446 2
1895036354 1
1124336206 1
1733923987 1
615384562 0
3479378612 1
1476889501 0
38377893 3
477840147 1
1829310417 1
618586768 1
1562479511 1
550922188 3
3537184127 1
1008977984 1
2590771018 1
4101596253 7
662443323 1
2416878049 1
1725792695 1
1776507489 1
7868285 1
1646639613 1
2462679162 5
2444416301 7
2140316816 1
1045551752 2
3561679060 1
2341535589 0
2600480250 3
3972683068 19
155962842 4
772601352 1
2537737630 1
2839314904 1
144306577 1
2120914917 1
4023009076 1
3236616860 1
3488183410 1
2459498345 1
415306179 1
1869184004 1
3792938425 1
1337549581 0
161492340 1
1300462079 1
1820800656 1
924379264 1
1226646975 0
1560030177 0
685662221 1
2190247917 1
2170841505 3
3919843675 8
878723871 5
590362846 1
1926998644 0
3876301108 1
1847484508 0
45334237 0
457982389 0
1728391337 1
2383059019 1
2278847937 1
2224782182 1
2731981057 1
1605567329 1
172973141 1
831564511 1
741955486 1
2396726896 7
2974262124 1
112184686 1
193335259 1
1129098682 1
382848364 0
1653233701 0
4275853283 1
3350723184 1
803681072 1
2323975578 1
3737497223 0
806007856 7
159162915 0
614966958 1
1484202892 1
2187605424 1
234948447 1
1886086530 1
2758495548 1
4160406928 1
2068629412 1
1007579263 0
3404924859 1
1362988251 3
4272347442 1
2960256 1
4190147927 3
3608724964 1
3673705225 1
979483542 0
3586320484 1
976860515 4
1090828043 1
740736541 1
741190056 1
2726399332 1
666540160 1
3202759529 1
97503762 1
3649739295 0
2000747193 0
4161034234 0
3419288249 1
3728760874 1
4135993688 1
1073109531 1
2026037364 1
793997485 1
1417893599 1
2985557776 1
58960314 1
1076450684 1
619692092 1
1423260160 20
2181355154 1
3683965469 1
3087359612 1
426834367 4
4026546970 1
562148548 0
4056219060 1
2198696614 1
1541739469 3
1856416292 1
1657067827 2
938206887 1
2509428903 1
416709466 1
2526584584 1
1309242658 1
3371764098 1
1240333227 3
578005367 1
1572445260 1
761408025 1
885391649 1
853437538 0
306514089 3
1403566597 1
1248715262 3
1570187117 1
800185497 1
2293626435 1
2572064682 1
749710711 1
3898482680 1
2718706186 2
3112973903 1
172455991 1
2889349561 1
2445639826 0
371120380 1
3162706246 1
972432087 1
280578119 1
1494749285 1
1444463461 1
78400228 1
2563467398 1
2949216093 1
1911674251 1
2506189990 1
300869683 9
2012932381 1
4109701685 1
1713043711 1
2254940643 1
3436499835 1
2310931904 1
2586013509 1
3852089999 1
3976282426 1
4181951835 1
2703672370 0
3720376773 1
1827836285 0
748518432 2
4063998424 8
2734477202 5
518541968 2
2191746363 2
2865525809 2
73112237 1
3307275673 0
3588665767 2
3303808760 2
3527468150 0
2369068251 2
4168453730 2
2759514943 2
1972292339 2
1484383653 1
784420702 2
1868077328 2
3239184610 2
629330305 1
1951633847 0
2787256848 2
2121597067 2
1933131460 2
1363968577 2
1520612519 2
1529948621 2
1621302488 2
750190806 2
149278534 2
3405744406 4
3558081699 2
2932993903 2
1312697036 2
3667805307 2
2025298088 2
3953432107 2
3274901528 2
624610591 2
4011034298 2
2414908769 2
3683071471 2
1604379885 2
2048531675 2
2111062964 2
1560748904 2
2005818483 2
1920447806 2
2570619867 2
1318180412 2
3494110072 2
621221195 2
12268755 2
181477279 1
1525411081 2
3693674495 1
2640736529 1
3671683306 1
437373630 2
1776924622 2
169187148 2
2708765096 2
4176143850 2
1330175976 3
1256545214 2
3041195526 2
798663397 2
1059265707 2
211201319 2
2954614058 2
309289298 2
2088208073 4
3200098421 2
1753461130 2
3092810557 2
1024623861 2
83546801 2
322445997 2
3025968099 2
20045519 2
1503907585 2
2608393675 0
2905514912 4
3258721861 1
1395037952 2
3551617273 2
1499052617 16
1837316582 1
4048728371 1
562058317 2
1752105718 2
1419053056 2
516181800 2
3713625105 2
2628037428 2
3941396527 2
3107157601 2
2474679442 2
2097465735 0
525007625 2
1930124573 2
24010844 2
1623241248 2
1690089881 2
1062434609 0
1650035966 2
1046295548 2
4059138651 2
3301883725 4
3990386830 2
3912185779 2
1673233075 2
366914809 5
2921144124 2
108909810 1
2687401688 2
3609201381 7
1077856764 2
2900438748 2
853494976 2
3991032607 2
1950730009 4
1797743878 2
425598719 1
2147728309 4
3113535012 4
4210663333 7
2839672345 0
3058967420 2
1902343152 2
3392578604 2
2039261177 2
844953760 2
3656970753 2
1047642035 2
484418580 2
4233887185 2
1066797910 2
4079124805 2
2725045783 2
1171487061 2
4101197432 2
2590841513 2
1797232659 2
1186968951 0
727344875 4
987964545 2
772947220 2
86786897 2
2611620823 1
52031249 2
1515772278 3
4236498400 2
2157336344 4
2284042100 2
3371472474 2
1185091991 2
525511811 2
3994573218 2
405599777 0
2201427612 2
1571046256 2
903562218 2
2520895753 2
78919360 0
3061283282 2
3639577506 2
278793673 2
1697141795 2
359405024 4
2202930644 2
3737445984 2
1040967661 2
3214792940 1
2954091738 2
1635131076 2
608848176 2
1528150695 2
618123000 2
940544073 2
708068166 2
3856749144 2
2135565254 2
1287953729 2
3635461709 0
1772591710 2
2821627164 2
2230073228 2
626958233 16
1962296442 2
2770690827 4
453719965 3
2084030533 2
821746416 2
1213350342 7
4141727670 2
1829042822 17
2869621883 2
2880285008 2
1186227874 2
542152642 2
3099683013 2
1409208187 2
512326598 2
1884662194 1
2877313682 2
3007596421 2
687120847 0
3921985795 0
4149057681 2
2825851449 0
3831267232 4
2255937686 2
3874411062 2
2569309987 2
668391241 2
1835031852 2
2019483804 2
3684211617 2
1451759684 17
3435551258 2
341726687 2
3480876889 2
1194938491 8
4207633797 3
571812030 2
4289625176 2
1342110530 2
2708803986 2
2554902886 2
4106053998 2
3801920876 2
2985775789 0
1913764655 2
3637269675 2
3789468966 2
3986415039 4
2328722420 2
629972845 2
2517750631 0
695077870 2
487779079 4
1158195262 9
721466360 2
4049557984 0
4186232748 2
3753886261 2
3789299615 1
1373413354 1
4057746453 3
2499153621 3
2505697751 3
294749430 1
2423820803 3
2534430434 3
1780381055 3
3649582109 3
512889795 3
2920580663 3
2475310139 1
1301768033 3
1867155107 3
4278116321 3
3924860185 3
2012801151 3
1577032392 3
2793679649 3
3944167436 3
3361001149 0
3365046465 3
285598719 1
4192924481 7
2862696025 3
572285334 17
997449581 1
3417122217 3
4132335798 3
3605660531 3
1157202215 3
3828434530 7
1832068839 3
3704121749 3
3579278412 0
2610392777 0
2254979323 3
1120125659 3
2928197308 3
92770796 2
375969959 3
1562066710 3
3783413402 3
1481788267 3
3434777858 3
3904010882 3
2597048343 3
621333102 3
2823359476 3
2570740452 3
3995465072 2
298407212 7
1778342535 3
1692695930 5
1468822050 3
982516890 3
3001216574 3
3004978653 3
2746473203 3
2183203933 1
2896460333 0
811826708 1
3753578411 3
3429048874 3
2525396546 3
250513946 3
1817888059 3
3909055724 3
2710795501 3
360289160 3
622947533 0
2506611751 0
2101493658 3
1867325474 3
3928810179 3
1524531545 5
2055017830 2
3413716060 3
3027761904 0
1480426047 3
1445937686 3
2547555440 0
530561371 3
3554208360 3
2913614633 3
1244125932 3
508351291 3
2519515734 3
251997368 2
105046713 0
1893830687 3
497608963 3
3919820941 7
3108883333 3
3081885833 3
1702021722 3
228394705 3
3476484217 3
1063664769 3
2063339905 3
2333351704 3
2623548535 3
2191634335 3
3233825708 3
3485774054 3
3199824686 0
2849581769 3
2605824182 3
2329003879 3
3944699143 3
1530004708 3
2821452596 7
2528505038 3
1006158956 3
967467094 3
3939764096 3
1807666618 0
2296462229 5
1793896892 17
844046367 3
1633564940 3
3442831236 3
1829096122 3
3265335186 2
1671338483 2
3806917951 3
383629106 4
2839005646 3
2122869825 3
605690533 3
3352672999 3
1425854063 5
2530458513 3
2842799138 3
2313063959 3
2606515607 3
3163181892 5
3129171393 0
318250517 3
390228537 3
3473668472 3
1554744923 3
3839952277 3
4080039919 3
204260699 3
2845283738 3
1109384211 3
681784216 3
253100059 0
3212678775 3
1135328584 0
3640175673 7
2846773960 3
1060425724 1
2526636648 3
2772299895 3
3012167550 3
709297642 3
3684249606 3
2460529204 3
1094117996 3
3291095059 3
3270759980 2
326925005 2
3581949236 3
3883608531 3
1578373331 3
1532344315 3
4046045804 3
8733103 3
3435161721 3
3921696413 5
639005698 3
3073444054 3
2562003702 3
2639448542 3
506947898 3
1198683284 3
3836547512 3
1800000601 5
810604903 3
2503741018 3
4021689201 3
625762461 3
3928773078 3
1127944882 3
3076223409 3
1085948264 8
164464432 3
706453512 3
2826504000 3
1474689419 3
3060855449 0
2328105222 3
2083725602 3
1769529529 3
1265218708 7
2067367471 3
3726607419 3
4071191964 3
1442132446 3
3597242980 4
1412113924 3
2207898464 3
3959196922 3
3670034391 7
3978585000 3
1547034860 3
4168035826 3
2025708493 3
1109576354 3
1571864090 3
2166123408 3
1570689961 3
349503402 3
4080748173 3
1964825299 3
3512353642 3
2785846696 3
2485758406 3
3610505903 3
792337643 4
1048497401 3
644508048 16
1826914140 3
288010543 3
3912644911 3
4221523439 3
1066445001 5
188821033 3
1635454035 3
1361675314 0
1916994723 3
1166868833 7
2072537406 0
4141135662 8
3141533204 3
1719784012 3
756330779 3
3552107796 3
1002016801 3
2840744434 3
2852426062 3
856806821 3
2074646225 3
3850457095 0
1072994675 3
849380552 3
3665588287 3
3301113086 3
846437281 0
831049847 3
3081652151 3
282253653 0
2891759180 3
1190376585 3
895465715 3
2421231654 3
1969129306 3
3524026073 4
964439946 13
103108643 4
3453860535 15
3135495544 4
1910502802 4
771239484 4
1566795511 4
1175408006 3
2370296568 1
3609166795 1
1758612356 4
2235695448 1
2450304236 4
2704548103 2
2176912645 4
1955636358 4
2324298380 4
1836529460 1
3865034361 4
197120150 4
1283885471 4
309488287 20
2126649459 4
325083901 4
3996264601 13
1829371401 1
2002404868 4
134956583 4
3848239043 4
330519221 4
4199253092 8
893227536 1
656411971 4
4098955264 4
505763482 4
1760970234 4
2678389237 4
2947590582 4
1781798979 4
3820687464 1
1067883390 4
1468893280 0
25704698 4
2622613026 4
3833040029 2
2068970668 4
2547905119 4
2821823234 0
2866890725 4
3949455681 4
1858638155 4
3964940117 0
2946054513 4
3111120393 4
3726711458 4
3555016881 1
1646818902 2
1918261364 4
3966969975 7
3972232775 4
4137840998 4
1013971295 4
3198790917 4
2586156899 4
3561665567 4
2609776699 4
3554883526 2
1451382832 0
1781241887 4
1608915541 2
2900941571 0
1975734679 1
1477360424 4
3529905724 4
3901470387 4
3161385283 4
126845780 4
843364852 4
3448302473 1
1192077266 4
2600583708 4
3212878202 2
3317205130 4
4272586292 4
490780210 4
499167968 2
780492793 2
222879300 4
112807404 4
2591270204 1
708936438 4
635960970 4
3647939447 19
1816570295 5
2540627769 5
3538148380 6
1297857707 5
698500487 5
521706266 5
1619620363 5
2661557667 5
3908513176 1
1616525970 5
3379205131 5
3523550132 5
48217615 5
987833120 1
3860754156 5
3224699097 5
4011995954 9
561505982 1
794564847 5
1462680621 5
873767742 5
639007010 5
923927327 0
4245397993 3
1105072817 5
1764891370 5
2987531066 5
786805138 5
430472848 5
1988836292 5
2647767404 5
1188452783 1
1248909554 2
340341126 5
124258007 5
2336942204 5
2298076816 5
1483427118 5
2059558428 5
3665353086 5
3986103875 5
250020645 6
3274741762 1
905113971 5
164147989 5
1172342912 6
3125878783 5
3138395693 5
355261689 5
2763464404 5
3254421398 5
107885568 5
2165577840 0
1607062870 1
3219627566 5
154274708 5
3406652734 0
3060676852 5
2874452043 5
3138856339 1
3581917359 3
2467695340 5
754282661 5
3549605922 5
4089999901 5
766330035 3
4243320648 20
3792332621 5
555515881 5
1957988039 5
88492158 1
1915622019 5
1911553318 5
3445611457 5
1627700166 0
3501063762 5
400779787 1
3152283174 20
3747512266 5
1705406817 5
1224724640 0
4001351158 5
586302484 5
1034398392 5
2164540106 5
3938768258 5
697684985 5
417519750 5
2227769484 5
1682722618 5
2945538049 5
173715288 5
1841410772 5
532069678 3
459301335 5
4036148073 5
2217466857 5
630248236 1
794797877 5
2917486569 7
3491656167 5
1278486485 5
1186327968 5
881400400 5
3450306124 5
2341251648 5
3306917828 5
2065272776 5
3254106634 5
2200999834 1
725440546 5
368571322 5
2207960556 5
610937356 5
3304216254 5
342621852 6
244624829 5
1748335554 5
2841441877 5
4268330561 5
3538845201 5
951763198 6
1317444871 1
2104893270 5
2861895710 6
3960610319 5
2671369192 3
2017833480 5
4249909425 2
3468309782 0
1544846695 2
2877820484 5
1243858826 5
947170387 8
3984534223 1
3564119435 5
1808426264 2
3244544175 5
3839747515 5
2788393173 5
208199185 5
892191228 10
2911159489 5
3375702740 5
1572042897 5
1708039720 5
3361550153 5
3044698237 5
1145736750 5
15937515 5
1333887910 5
282143508 16
2868599719 5
4033150942 5
1791229239 5
42297931 5
76222177 5
2240698278 5
1151077962 8
3518664532 5
3826685863 5
547994853 5
499343588 5
2606146417 5
1481994972 5
4134441198 0
2625839459 5
1543352988 5
1619188748 5
2355486593 2
3269927384 6
2702442192 5
729323115 5
86747207 5
1776065093 5
3386779527 1
810244480 5
3885914497 5
1793231661 5
326134943 0
1744452065 5
3069496917 2
716651054 5
3558427540 1
4277013413 5
2626975158 5
2485300073 5
2136020527 5
612723395 5
1069209642 20
88497501 5
6663479 2
2912517196 7
2796485634 5
2110379607 13
282968925 3
995246825 5
191444900 5
2777237011 6
1055018665 1
228862790 17
3693835695 7
3136295581 7
2849501522 1
116740446 3
3242553696 17
1251300818 5
1463713773 5
569897382 6
3488967248 3
1893181585 5
1155611512 6
2544203580 5
707107145 0
1342160547 6
2813818878 5
3715128295 7
2889031793 6
366650825 20
2385578834 6
3424985447 7
751979267 6
3131939702 13
251408725 6
4274131 6
2684576756 2
2216705041 20
1707897921 7
2025272446 6
1767332539 0
273576878 5
3133794183 7
2048182010 5
2992760893 6
3403558443 7
1787663502 7
2153023528 3
2782094827 6
2017618217 5
1268978912 6
1394956486 0
3316877973 7
830805244 5
673913387 7
616654984 3
3680060734 3
1686914332 7
2735169111 6
3755297145 4
684800750 7
512349004 7
1957631912 7
760466491 7
128770352 0
2270257691 6
517439538 6
3330751490 6
2398397384 6
2372343873 7
838854401 4
4285398064 5
3110376501 7
3208647167 4
688064066 7
2252042180 7
2549612174 7
54003156 6
2585384418 3
134956582 7
2553318863 7
415698682 7
3367791607 7
472890332 7
2748253219 7
2852947297 5
3801156251 5
3440163555 7
1572529776 2
3312019992 5
110458323 7
1124598024 7
818094864 6
2368850640 7
1467470239 16
3595444292 3
2330564678 7
1015542030 7
3888264519 3
2452834368 17
2356224974 7
2548690579 7
1290545753 2
463938909 5
2724751671 7
1201580874 7
3727754408 1
1768166210 2
1245052198 7
3632003281 7
4042478309 1
1168589638 3
1271247617 7
4248202598 3
3837105125 7
1649450215 16
1670372524 0
1184892084 7
527525570 1
1214513897 7
274723191 7
2176358960 7
1307844816 20
827935743 7
2928626128 7
1606440284 7
3020662565 7
2518327674 7
3417983420 7
126223990 7
875682310 7
3592794241 7
4279253267 7
1018825067 7
1190388598 7
240404391 7
3024964303 2
2162354444 7
4153352491 7
1920391736 5
2004486937 7
1505010270 7
3237541119 2
373145517 2
3452647497 7
2245072497 7
335621180 7
4114227202 1
3193004113 7
4215580599 7
1066665707 7
2940000152 7
4045052693 1
1110909714 17
1071622025 7
1830273680 7
1889375009 7
3738529686 7
190742859 7
471563276 17
3441153714 6
1751023428 7
3058127881 7
3850661626 7
3317823461 7
3824996748 7
1644468701 2
3967941364 7
3736139226 7
1670333072 7
2980873081 7
966276649 7
953930310 7
3019072441 0
1018773080 7
301975154 7
2106189018 17
654368404 7
10042057 7
677389700 7
2465752360 7
121147089 7
627299108 8
228169285 7
859351008 7
3550598509 7
1337170656 7
750689154 7
1058317372 7
2466282317 7
4145836673 7
1569370154 7
2008101806 7
1523628460 7
87197181 7
4063551622 7
3891435469 7
2774594904 7
3510895406 2
1845653013 7
152147819 7
4059399380 3
2278294316 7
1988749933 6
86768031 7
1622881449 7
3037608043 1
2222973547 7
1751469193 7
174294561 7
1661201175 7
157525088 7
1909975023 3
2533195601 7
3231793741 1
658865798 7
3646745098 5
2807994650 7
1481069623 7
297534623 7
1362905495 7
4236271903 20
4186992941 7
4027071388 7
2416280673 7
1054841732 5
1301144201 7
2380310648 7
4291673178 7
2726803808 7
3709827790 7
3790237203 20
2295161195 16
2004808419 7
3962249557 5
4088611800 8
3057637107 7
1907781857 7
13342349 7
1235996725 5
572687187 5
2932488101 7
728321752 7
1586817051 5
2033350358 7
3699708905 7
2435418059 7
302131290 0
2709113489 7
2714863989 3
635961289 7
1876188538 1
1119087265 7
2455513717 1
2740377223 7
2386077589 7
865462723 7
2681831018 3
3885667992 7
2259191738 7
1223536644 7
3842541387 7
4027689188 8
1271901487 7
316270215 7
1595852950 7
478565513 7
2032837109 8
3487487806 3
372894682 7
45800535 7
3666068346 7
3555638853 7
2284872480 7
391602720 7
1453938833 7
1584913075 7
1927768054 7
1848191402 7
1160121189 7
957179165 7
3566474503 7
3486385856 7
2170007802 7
4132377612 2
3623317598 7
634926743 7
2239410568 7
2882156547 7
1684961085 7
736947075 7
1437746367 2
1429564248 7
792076106 7
3693394448 7
1955755195 7
2509954252 7
3075716334 5
72045605 7
1228769394 1
1077197966 17
2639944065 7
2367407557 7
1869189085 7
2856980308 16
444315606 7
4102693247 7
1181725846 7
1131278392 7
2103885552 6
3361996061 7
3333830552 7
2907087082 7
749590262 7
1408257563 7
258597818 7
573713767 7
757094359 7
1740516757 7
1711245104 16
2372702557 7
1252414213 8
2096235046 7
1651204751 7
1266745554 7
3356968799 7
1666019339 7
2031067356 1
3772567160 7
3896362065 7
639899861 1
2839447138 17
670182599 7
2432351161 7
2256948057 7
3747376037 7
220260993 7
610180626 7
1985538265 1
3313377093 0
998118685 7
824330909 7
3187679423 7
3479681490 7
1416408965 7
302182453 7
2886621178 7
1795334525 7
2351039599 8
3756872499 7
928194890 7
3509384180 7
2817767063 0
2395846585 7
3005300560 7
1743207460 7
1769157799 2
2202804133 7
480100990 6
2690140991 7
377654938 7
2703240470 7
96385761 2
2433877821 5
301459378 7
796722248 7
2566936552 7
131937365 7
2905283294 7
3378558509 7
1449241128 7
1027189038 4
558076656 1
2317974187 1
3423404839 7
1586826658 8
4088850447 7
1677736 7
1519349612 1
4098809273 7
3356994361 7
3244540779 7
64189071 7
955682328 5
864507318 5
1099645221 7
1015571362 7
503115708 7
2180732884 6
1680980360 1
818055675 7
2692135361 7
2554102408 7
1472607726 7
2156159498 7
3005622577 7
593637432 7
1399649308 4
279234247 7
1470496899 7
419930234 7
868043976 7
2808914148 7
2281586171 7
825553911 7
378178292 7
2192995035 5
3929305847 7
3800724101 17
792913914 2
3696924563 7
2707643801 7
4123590482 6
2595053418 6
1351824486 7
3949965865 7
4270127798 7
4138310958 7
4262502615 7
1696467725 5
4123901593 7
1268098686 7
631640429 7
4209908171 7
1000936643 7
900608363 7
458395942 7
1856717553 7
3352205028 1
2750003608 7
2890561729 2
333730733 7
1653284654 7
341471542 7
1462998799 7
639209908 7
1688643023 2
754242056 7
2866800472 7
2207892786 7
676710945 1
3621360596 7
1288577597 7
1165991334 5
1131213660 5
341342639 6
2209752043 1
4084434203 7
704888918 3
1608776964 0
1624800527 7
873532270 8
1552009587 17
510792816 8
3127926137 2
1099336193 0
3974261374 7
3244276906 8
1155785130 7
4281522127 17
2311223304 5
1950189607 8
2283705944 8
2553790160 7
2988759664 1
4049471918 7
3981797310 0
1694843675 7
1626140772 8
2589575301 8
867455570 8
1668748620 8
3118167800 7
3554814002 8
865462048 8
4052441340 8
3681474683 8
3245032148 8
841177931 8
1509907937 8
3568503750 5
1768909929 7
2897202838 8
104465073 8
1918815608 3
1976025697 3
604877634 5
438016310 8
3412262401 2
2290180759 1
842213244 8
1542789393 3
2816111902 8
2644335983 7
3615432382 17
723438480 8
1189919935 17
3654854082 7
1255869263 8
1483569826 8
1383255361 8
138378651 8
3998013510 8
1233346243 5
2575672664 5
1732628311 3
4242708686 7
3028212098 7
1390897868 3
2428825306 8
709990993 8
1878107667 8
2652969439 2
1993377446 7
3272309181 8
3064455083 7
2931023956 3
266760609 8
748052165 8
521287215 8
3777073553 8
1768694969 8
4030932056 8
4152962738 8
2462751152 8
3625663696 7
699558076 8
1638914559 7
3808181110 0
2213628277 8
1348073356 17
3468059687 17
3000856267 8
1467031305 8
3064012954 7
1477299831 8
3775892553 8
3911801274 8
416683879 2
1530121956 7
1972722710 8
1093838623 7
2276155242 8
700531437 5
1610834311 8
2966030703 8
1652838936 8
1970533249 8
2819234577 8
658764729 2
1182772012 7
524558096 5
1584003767 8
2712051673 8
3128380315 6
1604658058 17
1383414833 7
3587794252 8
3840003111 3
3158493680 7
1067501573 7
3773451101 9
316698841 6
2188969084 2
2574687881 0
3952421137 8
3743073975 5
3987592669 5
2566455452 10
1242408746 5
684405549 0
2332509863 5
1755193728 10
1636397705 9
1993845199 6
1021091723 0
1044431514 2
3389393168 1
2109009429 16
1719831804 2
3304676488 5
801350774 5
2294417689 10
1473554998 16
3380658931 2
3907253900 9
1257191372 5
769560316 3
496178908 10
1533216774 10
844763750 3
2067867120 5
3866773258 5
4402857 6
2102287635 2
3209772616 10
743376000 20
3170152459 5
1815872704 2
3471438055 20
1876314500 5
756834665 10
1856824434 5
169672214 7
1237355393 6
1785602942 5
1946441949 2
4241954833 5
888557752 6
3497137228 6
2312132870 5
3137632022 5
1083711325 12
3933510060 1
2326126757 12
1896084404 0
243296201 1
3994162379 1
235588870 1
1108819695 1
607125230 19
3293600154 1
622759216 13
977687614 2
550273199 3
2280287882 13
3675922218 13
3325735305 3
2386506184 13
1604603175 2
3458742854 2
2675597435 13
4158419672 13
2808354843 4
1331503988 2
2619880861 13
553975075 4
1569250683 4
3180764898 19
3653654090 19
1492828249 13
2115831161 19
4102178375 2
949689983 1
1667170811 13
908275567 4
3226371211 4
732486666 13
922067496 1
3434931596 1
2925275537 14
243321631 0
2394813244 3
3193969635 9
2012110093 1
3421449953 14
3399995455 14
4272057142 3
4281447412 4
445708585 15
2854128093 16
187930282 0
2066231505 17
192847118 7
49428474 0
2588391823 17
3803348010 0
2274733192 16
976914680 3
1330126383 16
2330413005 16
180065053 17
642944934 17
2346512352 16
3564874430 17
546426200 16
3751050706 17
1802444773 21
1702858620 17
2510033610 17
393885796 16
2864593710 16
341524093 16
3607983908 16
3437197438 5
1883073184 2
2052876048 17
2373013507 16
3408947883 0
2593807559 1
2605703715 16
349670937 16
3393275643 0
3952841946 16
2032085336 18
1092081197 5
3185318103 16
2786257474 16
1186471987 16
2128820362 16
1588601136 0
1685536487 16
2801163970 16
2273751195 16
281027569 20
1488226236 7
3244546801 16
1233179194 16
1810810520 3
3452442894 16
3557816205 5
971573319 0
3854150291 16
58813532 7
1726448308 2
3014585240 17
1088111165 17
3555546961 17
250910445 17
296890543 2
635883582 16
3307737290 7
1423888603 13
2295532141 3
4247427057 17
3048450893 16
3593907092 0
4086067874 17
3017969820 17
4189524859 2
3458568760 17
2865216151 17
2700506671 17
1958720828 16
385356908 17
400302513 17
3494634495 17
3722769745 1
2476908206 6
1494267657 17
1062351020 17
3794820310 7
961548438 17
784173838 3
2607372134 3
3376291312 8
760218169 17
3598995015 16
3258620636 17
2549382542 8
3952079213 16
3325499731 17
3282396792 17
2933522455 17
3054111945 0
1954092581 1
1458943542 17
2575692184 6
1585279980 17
779936977 8
970739828 0
3835949455 17
651228527 17
1562441135 2
4183993033 17
1812026502 17
2991206462 6
3318490731 17
1217182915 17
2364110419 17
2292946872 17
3659560932 3
3252664194 0
2965743516 8
3112422991 17
1439926956 16
2711545145 16
2475287335 2
1518602675 17
165518924 17
3766819158 2
3039489190 2
2118325110 17
4148450023 1
151970134 3
3754288236 2
2835294296 17
3024316014 2
1438885420 2
530110925 6
2510087603 7
339045433 0
3496931672 1
3779706455 17
3589360055 17
3023574296 17
1492479335 17
2870172815 17
3438425208 17
1907023502 7
3738996978 18
3420232888 1
672610867 16
2358133944 16
1851018497 17
2004059324 2
2935363413 19
1740811445 6
4098461849 3
3293872648 17
481107209 13
3081906098 2
3312491747 2
2324113639 13
3955364095 13
3543065552 8
254190607 0
289194063 1
2311339548 13
693127678 1
1281808725 2
2406447437 3
908452596 19
4211167081 2
1191871572 3
1320629572 2
637561767 13
3025713778 13
324394086 2
1093111324 1
2441647193 13
900666691 1
3207012543 3
2410343560 1
1284708485 0
2916734489 1
1366172099 2
1313814695 0
3404396783 5
2001430817 1
891902363 2
3148908034 13
4113650695 0
1600589949 20
3490517127 20
819379462 5
954791585 5
387164004 5
168411377 5
2911344177 7
774609863 5
2669492673 0
345904710 5
1186499560 5
3297739011 5
2903286177 0
673118291 20
834753700 20
2967288406 5
2742319996 20
3392802004 1
3870754957 3
4089459948 20
2946203291 7
3881104733 7
2732333550 7
2667116368 1
3280923577 9
2144990761 5
4181686485 0
3654492358 3
419862145 2
4088960298 5
4134878293 20
3609990062 20
516484867 1
202606473 7
2122960810 20
2464413419 0
1515891806 20
106406305 5
1618770057 0
3709988725 1
1739098369 2
512053756 7
420021162 20
2272270266 3
1011633175 20
2790801911 3
1764619812 3
1393203205 0
7392319 1
1819020214 1
532140955 20
4217510115 3
4122270522 20
2312161488 0
2598574472 0
345861132 0
3889663978 10
2313126927 20
2160505520 20
3289502089 1
182158478 3
3801810646 0
879631333 3
631202363 21
2787937841 3
1552431454 21
494224384 21
1150149410 21
1194686478 21
