1262063359 0
2497718038 22
1866594661 21
3143903310 21
828972663 2
2051259156 15
4289840177 15
1144466483 15
1615518257 6
1367792978 20
1051535936 15
1120210954 15
3693888958 15
2609300251 10
932050504 10
1373637913 20
2338905994 10
2642091672 16
2272118168 0
3772601101 0
2849008803 10
2331276641 16
3561903046 6
3603351524 0
945693657 0
3944615203 22
506343293 10
1651825108 11
2419400932 18
3668327981 20
362131759 11
1872470832 10
828026389 20
1530582417 10
720949954 10
2062439393 15
790467937 22
1348352100 0
1969246820 0
1299061381 19
116204572 0
3844230889 11
2815222178 0
8211739 10
2826923222 0
3915691208 11
4009457647 12
1261875499 19
2314981854 12
646573957 6
529493304 8
190137940 19
3055731999 19
255467331 0
967673760 0
3747089493 16
423107809 10
3670679747 0
394407692 10
3543926699 0
2067149373 22
1601230684 0
3731069221 22
2460212866 10
1482552182 11
3060152698 22
2789464858 22
2283182014 6
3211951756 0
3523625760 0
2701193225 21
937508961 0
2406614453 15
1722183416 15
4000242327 5
197744310 10
4082846805 2
164264780 16
262791005 22
19074194 22
409058604 0
1017631432 22
4048864873 0
2163313952 0
1195692106 20
1883524287 22
3335404468 22
26168333 10
2604450342 19
1989033623 11
409983760 0
4000416643 0
4208050552 22
417591188 0
1143026483 22
152071987 0
3674120241 11
1890739013 11
2835506258 0
390708108 0
1776329180 21
2044669843 10
3641011373 22
396896733 21
2932240893 11
1946560611 10
3825253029 15
3968467460 0
1455476619 10
24124748 22
3977649069 21
3099710596 10
3851916304 0
3321201007 0
3056007542 11
3291111190 10
3855498781 10
1328937360 11
2074045530 0
1462773255 6
3597114642 6
874959733 6
2954778162 6
2664378354 0
4040955472 6
2237291549 10
1454844368 20
2717688955 20
433030790 0
3759880131 10
234841569 10
2468284529 10
2277234390 10
2636555707 22
2285817594 20
3523477901 16
3339856340 16
1622197441 21
3695039419 0
2670586930 10
872148246 0
2447797976 22
1815226504 22
460367261 22
3910722948 6
2954571460 20
1585612992 11
3610550217 15
4258043886 11
1039601285 12
1796723093 0
1799315869 11
3656497519 0
4266540839 11
969471154 11
1986762241 20
3443640343 6
271910634 12
152427565 8
81600019 15
4086391365 15
4164597121 0
3935199783 22
1850930681 10
1637200318 0
2927582228 0
2167699496 6
4206369041 15
601549247 20
3071142117 12
706245197 10
1379585119 10
421184262 16
3583045348 0
655771778 18
3597878978 16
1492116042 10
1985682780 0
186647908 12
955707397 20
1859067156 0
388057262 12
3643064987 22
1002739398 0
3015410321 0
3513500599 0
130721352 0
4153917592 0
767048166 0
2918517061 0
2023874165 0
3210637697 22
773700854 0
503324186 18
341797199 23
1854653676 22
67702176 21
3481572546 19
1487189573 22
4116557535 0
2808522752 0
636706505 0
4090819444 15
162891728 15
2626715120 22
963798901 22
3943321759 18
4073053823 21
4205107217 10
2114170522 3
2957549357 10
2791834715 10
4072959502 10
2479437286 0
3434458158 11
1712074562 8
475414780 0
567903131 2
3174729091 21
646357969 15
617522137 10
2899203076 0
745751873 0
1878497972 0
3891668032 20
1775158646 16
397726225 0
1279778269 0
67964348 22
3542258020 21
2271946518 0
1530697420 22
1582203527 10
3654319798 22
2608069597 20
148210198 10
1607774759 2
1106288340 22
1985882269 14
2442145750 10
1365446927 0
3174305253 0
586471196 15
3967965436 0
1562447490 5
3183498789 22
2210400216 10
813958060 10
2752483362 0
429252320 0
1717289979 15
311004434 0
4174685807 15
3374157533 20
3350227117 10
2085826535 10
536486355 0
2031912289 6
380050906 6
2615589080 6
1590072578 6
803172505 6
3102310842 0
980098318 6
1830183745 0
2699778254 12
1020862584 6
930742924 0
1095116635 10
4235048563 21
1676238284 11
3268332497 14
3229453803 11
270515806 21
911590848 10
2803109747 0
215036451 10
1887643131 11
3558908534 0
3963074130 10
2630949716 14
1965752796 0
3246309452 16
3001566703 0
1826148124 22
2169965695 22
2083321682 16
776210628 10
2828817449 0
718624407 0
567687581 10
545381882 3
712748623 3
968906210 10
3338711251 21
355753462 0
2959480878 22
4278609110 0
2987116615 0
3495533745 6
2586499051 0
120470972 16
3771135894 10
4193513391 12
690465554 20
1537559135 0
3085088495 10
4193297895 10
567988372 17
4180256337 10
3819618352 7
1427474800 0
3672587136 17
4065436828 0
510887309 21
4142846766 10
838859384 0
845817145 12
3780324296 18
3498176529 15
4272730966 10
1410657533 10
3339937951 0
2900438422 12
1088067695 0
3048930796 22
204017752 0
2330604918 22
732206654 20
1516357464 16
1237444204 16
3837148257 21
377974719 17
1368651088 10
2501851988 11
502155128 20
2544265508 21
2487353314 10
548334699 0
3991009781 10
1048004553 11
3922292161 11
182187735 11
3854576231 11
2648390672 10
518456396 11
716519895 16
2932613951 0
4076720422 14
1913845960 0
1941149208 5
3738951740 10
1185208238 10
365715918 10
2801287208 16
2012291013 10
2728783413 0
2690403268 0
2584749212 10
2131654276 16
642910441 21
3033494062 2
3404808519 16
329836529 21
1383998161 15
1201948746 15
2245596 0
2336031551 0
2449150736 11
2348817311 0
3958134150 0
4166836547 0
2896809203 10
699267316 0
3085978252 11
1478045341 0
3439454645 20
2067627100 20
520478164 19
3133845471 0
2262327005 15
403835423 21
2845872165 12
3614816447 0
2658620863 15
873005385 0
2560456311 0
3435383539 0
309958674 0
280127867 15
2411689615 10
3235343211 11
1818579712 11
3423582149 21
3286717083 16
3570300301 16
28037105 0
404044402 22
1608653899 11
1702050202 16
591736589 16
502544906 16
2871330636 16
1138790292 16
1744717204 12
2878705596 0
111869248 15
1832594930 20
3943424504 20
1850852067 8
4282242219 21
3301241088 22
440770377 11
1978754492 6
505729044 0
186827729 18
238590278 6
3804418826 6
3612792917 0
3250486334 11
856026692 6
1057768978 20
978948799 20
465059601 18
2416077215 11
1258981026 0
2403941183 0
2314454355 16
2526019310 21
101827878 16
152149590 10
1683081786 0
271135736 16
3749521579 6
4195912366 15
3698973826 10
782591035 22
917472105 14
2987073383 15
3261305299 22
2320334127 10
1830507129 11
2792889402 19
2297445852 5
1435113382 22
1195723233 22
382625419 0
1585347250 11
3957052291 0
1197798921 22
4230046641 10
1966883095 0
3820664114 3
1490745284 20
546638714 8
803644449 22
3585522709 0
3023492007 0
3053096682 17
3174696632 19
2264521840 21
2588394827 22
3380543796 22
1479079348 0
1411170342 0
3207979712 0
185089979 0
3141852139 0
235999865 22
3511537049 21
1995977359 22
731205120 22
3867131573 22
301719887 10
863677357 10
390725259 0
246022367 0
2922241166 0
2228097893 0
2916774603 0
3177616422 0
2909066317 12
1234078027 12
2355686101 10
789672965 11
1509547438 0
2616104196 0
3531867167 22
2254891492 22
3153317014 15
3011774780 22
3060614791 11
3812668927 0
1568112724 0
2317130921 0
1908507323 0
3368004379 21
3192601228 22
2032561256 15
50307388 20
1211893571 0
3305731845 22
2023601543 0
2575978311 16
784569155 21
1895206086 0
4277481913 22
1412024149 22
1366110211 22
1893911498 22
1707618426 12
1388007569 22
1402541910 15
4177288399 15
1740503772 0
4287361035 6
4016863888 10
3087448333 10
1527650188 21
1984049701 1
928251219 11
3493867507 10
2547183189 6
1807666618 6
2840744434 0
2925618892 10
3473668472 10
697617239 10
1551886608 0
249311043 10
1822206218 10
3006279498 10
3617193473 0
162492090 10
2433295865 0
3525479658 19
4219943505 10
4154217041 0
578982384 10
2513213529 17
3959828075 11
207249527 19
404172328 11
1313042662 10
1173188098 0
3081885833 10
339051417 0
2935942058 22
2074646225 10
3129171393 0
4021689201 10
1916994723 19
2846773960 10
2016628082 11
1128976652 16
2520238220 6
3507048941 10
472419132 6
440183856 10
2140605203 10
3540434859 6
2714363635 20
3342315138 10
2193197474 10
1134835730 16
1373436525 10
4282356716 20
3258019218 6
1071138976 17
674707879 10
653305886 10
1109576354 10
3978585000 19
1778342535 10
326925005 20
2354788962 10
2499153621 10
1002016801 10
4046226111 21
3930799010 0
3807794636 10
3640175673 6
2928197308 19
2635091441 10
2136573435 22
3833373120 10
2580311081 20
1721969710 10
3878336820 8
1893830687 0
1242649409 10
2606515607 10
810604903 10
3579278412 19
1063664769 10
4134058694 22
34909697 0
3435161721 11
2819988859 10
2166123408 17
285598719 20
1244125932 0
3726607419 10
2605824182 10
1780381055 0
2735557194 20
3939764096 10
3141533204 6
1890204485 17
2020996665 10
1730633288 10
1462909481 10
1254685294 16
2526636648 10
1749517924 0
854456618 3
3804540951 23
3731756510 10
3808090039 15
2314528714 15
1578373331 10
2708587821 0
2581087862 10
3909055724 16
2866459320 13
1434962180 11
1083458807 10
1289874969 19
3552107796 11
2823359476 11
2478451911 15
1048497401 16
622340080 16
1826914140 6
659827514 6
2003139996 16
4098050133 17
51705367 10
1258156461 6
1965769573 17
3410758085 19
1201440580 6
3944699143 10
4129002758 10
250513946 10
1398247608 10
4132335798 19
2051489652 11
2948229450 11
2261567584 13
3139505610 6
1146376844 10
3413716060 10
905960610 10
2012801151 10
2849581769 17
1301768033 10
2648446991 21
498441425 6
3339868710 10
3110436580 6
2911908091 21
476634926 20
3758142368 10
3935533226 6
1468822050 10
643317051 10
1008026099 19
530561371 15
1361675314 12
2475310139 11
1062865873 10
4077065853 10
4059004237 0
294749430 8
2470042336 6
4277781466 10
3649943260 21
3535610852 10
2618351894 21
2988875692 6
2815840896 10
4114682042 10
2666288179 10
3497509059 10
2413838282 10
1057856937 0
1344127111 6
3032228595 0
4028644513 6
3326621832 16
669194842 10
4175109230 11
3536112812 0
2905628128 10
1817888059 16
691058844 10
449601237 10
1531568359 17
1755306255 10
3407391896 10
2226659684 21
954910379 10
586514833 19
2344724563 11
3975732611 22
508351291 0
1008865634 19
204260699 10
1625814840 6
3844329113 10
3368252256 10
373593747 6
842752119 10
4264986628 10
1540090484 10
2329003879 10
144972317 6
669825470 0
4023976635 10
484376167 0
573743883 20
91292537 15
2034921157 15
983403440 11
192962943 11
1985760172 0
717075912 16
3316292077 16
1662633323 16
3352309115 0
1063001282 10
362020810 16
1215891141 10
1219016598 6
849671924 10
3772397857 14
3134245381 20
2175904958 10
4259991169 10
443880637 0
2530458513 10
2597048343 11
2896460333 14
3581949236 19
425050975 10
2276567526 10
1621911569 5
4168035826 10
465472357 10
1111234116 0
3227726610 10
1018276095 10
3076223409 10
3251267301 6
783424938 10
1828780440 10
2278710771 10
735058997 10
927593006 10
1870406467 11
2528505038 21
3954244970 19
2902025306 10
1780511294 10
1702021722 19
2393900140 17
3557295820 6
3039499780 10
3609052679 6
2183203933 0
1442132446 10
3623624864 20
2710795501 10
2075604861 14
3241429230 11
532081533 10
1382658819 11
493684035 10
1724875462 6
1480426047 10
2313063959 10
3884722223 10
1954871691 10
3108883333 10
1161096989 14
1115018504 0
2769086117 10
2573538718 19
1193218157 10
3674639192 10
762772044 20
1867116876 6
144080998 14
3704121749 10
2920580663 11
2122869825 10
589096762 10
3912644911 10
3835398272 10
1412113924 10
895465715 10
375969959 10
2843289803 6
1156281497 10
2180493309 17
282253653 16
2525396546 12
3615369077 20
2636462097 10
579779347 10
1547263152 10
1158585789 10
313147259 10
2115555297 6
4133488528 17
1030557077 11
3887738887 20
2233174830 11
3839952277 16
1688835047 19
2632833426 22
1959739719 6
2312328178 10
2013591564 19
2708433939 10
3459917003 10
4090933691 17
4071273195 10
3482877948 15
760974202 14
2110417160 10
2833906515 19
1190376585 6
1832068839 10
2472226021 0
2988091113 6
2150201589 10
285443899 0
3154321095 10
2923140493 10
1941741312 10
2361277962 10
2744763808 10
1395987525 10
2053176339 6
1320966484 17
298407212 16
2025708493 10
2519515734 10
543603928 21
3939916414 10
1899298688 17
2772299895 11
1678350161 17
2600844675 19
3036075725 14
3597199515 10
1894854424 11
2055017830 11
3033428463 10
3959196922 22
3359599614 10
846437281 0
1468632001 0
1038835916 0
204609704 17
4101115351 10
3852750087 0
3807297484 20
3964260594 10
1834163410 10
557885137 10
3439471560 12
1316225236 10
1425854063 10
1829096122 14
2594686561 19
275502826 10
3849501032 6
3514806619 10
4057746453 10
1969129306 0
3792748401 11
1990943052 19
1132927609 19
1659247365 6
3490272721 10
2005866420 6
1692695930 19
3850457095 10
1043385908 20
288010543 22
3904010882 10
3789299615 20
2083771769 12
2004551205 0
2238381831 10
2479321722 14
3307810524 15
3012167550 19
3950793021 18
1588521195 15
2506611751 18
2072537406 15
1373413354 23
2547555440 14
1867325474 17
515216097 10
1561876383 0
268608278 20
3620275558 17
2438664527 16
2438510633 6
2785846696 10
2333710921 12
134536843 12
1771725161 11
1305917650 0
4206703115 10
2521530731 10
3689355129 17
4225125992 10
2155083027 19
3196927539 14
3995465072 15
2639448542 10
2752268721 15
3190956979 10
4167738649 14
3160491588 10
1793896892 6
2579766659 10
4284629210 10
3163181892 15
1453456180 17
2782625468 10
2929345897 10
2423820803 10
4148519642 6
706453512 19
3612235071 10
2606901827 10
318250517 11
4262733670 16
3806917951 21
2505697751 16
390228537 0
2296462229 19
2610392777 15
2750297535 6
682434778 6
3433483147 17
706355079 10
2772553400 16
3567816530 10
4067158392 14
4249987039 11
806007856 0
278836934 22
426834367 14
2556506122 20
3222518215 21
3783379184 21
1444463461 21
3853093388 10
3028570746 0
1801060527 10
2121572211 19
238429300 10
2741764377 10
1801325173 4
1567761621 0
2222644057 2
72067314 16
4137704876 16
1691576374 22
3756184893 22
344526759 20
3270720932 0
3011479989 10
2339362679 0
1757286195 11
4229679480 10
3434770666 0
1469290246 0
323392760 15
2783568347 22
587831621 11
3171729079 21
3570557105 16
2999039983 11
3035288656 21
890243210 12
3537843787 11
55759124 10
3073706113 8
568039572 10
3428008439 15
901166250 6
3344099865 11
2069183026 21
920338941 20
2133297183 21
4086223884 10
2974262124 10
3721070175 20
3070456212 10
1499198796 8
2890641181 0
3109759205 23
350071308 2
3713529762 10
287143013 10
3141337766 16
764573816 16
4155570895 20
2153562492 21
550922188 10
485749819 15
929294117 10
249671640 20
62326945 10
562148548 19
3864567185 22
4160406928 11
1825596749 10
2181756168 20
457989663 10
1850417426 16
216039816 16
1510076252 10
2181567381 11
2602594597 16
2834554434 10
235925500 16
3363837666 8
2380537823 21
1747404475 21
2970582943 10
2731981057 10
3936610522 16
251711825 21
113017757 8
2792627702 2
1103728482 8
1417893599 8
1319170368 0
939239457 2
666540160 0
3371764098 0
3683965469 20
3541439371 20
4106633968 0
4165893589 8
2704168162 19
1672322378 23
1192147977 10
2200081372 8
1488048179 10
159162915 10
58285004 2
1308240131 10
1869184004 19
202998104 21
3656158868 21
1859144380 19
4240224436 20
4161989455 15
3803312439 15
715880835 6
2854165416 22
4023009076 10
609789774 18
398330392 10
856847136 0
2416878049 17
2613802300 11
618586768 16
259028912 16
971797234 21
3970665489 2
1135787090 22
2141549157 21
998644039 19
2143119583 10
161492340 10
3051743872 0
1827836285 10
2898731268 10
2860491764 10
326286563 20
2213047766 16
331912190 16
2108657934 16
3646479043 20
3673705225 21
1124336206 21
990367470 0
4113697118 8
1594183021 16
3050174995 16
1222379069 8
1153083447 10
1090828043 10
2310931904 0
2459498345 23
2120687377 15
990134120 16
3124796841 15
38377893 0
4199774622 11
407502266 20
4128502368 10
4287493745 21
2884830774 21
1366646404 10
2516149430 20
2054414622 6
2962573767 17
3610109249 6
3922185864 16
207300393 21
1248715262 22
3972234972 3
3424094268 16
2089675961 10
3203236789 8
775877264 21
1350572102 21
932895954 21
2462679162 1
2791792153 21
1076450684 21
4233728370 21
2187605424 10
1309242658 10
1494749285 10
3495753039 0
3660414214 11
3449658796 15
1871080596 20
1565430935 11
2003222759 21
1830739948 10
1030355278 8
2024121980 0
1197708724 21
3120787869 18
1353017213 0
2069903558 8
308423548 0
3506893669 20
3881182105 10
797935282 8
3693386468 21
1245426669 16
3142779949 17
1873534717 11
626857712 11
246206441 0
3831816207 16
2284438411 0
3217309256 21
52360761 20
1989210553 21
406756775 17
1838740890 0
3479378612 10
1562479511 20
615384562 0
2506189990 0
1242295111 2
3728760874 21
1073109531 10
1911674251 10
3567513380 8
1433595716 22
1794994756 8
341646295 20
4131930 10
138696532 10
432939910 20
674786842 6
3155811282 20
1264144960 21
979483542 10
2526584584 8
3876301108 11
1653233701 22
529124229 21
1605567329 21
3170248913 22
2638690757 22
3629152136 8
983924740 10
413152889 11
3209941903 10
1733923987 0
153443378 0
2572064682 21
2590771018 10
64366012 17
3174870044 10
4109701685 20
1728391337 20
3647046525 14
2508699169 21
3560513525 16
1771178225 20
3017373268 10
2362894122 10
1064939781 21
3517664028 20
2994602580 10
1829310417 21
143118596 10
493346292 16
996541946 11
2797713093 21
4186160485 22
2296190274 0
454819317 0
2429694268 21
147959275 20
3604849171 16
1570187117 17
1538488533 19
3032960900 10
792795456 10
322842186 10
3292718237 10
4135993688 1
315761952 5
1369428282 19
1986029787 20
1047008459 16
2991382402 21
4272008897 16
794290425 0
2567089852 20
2293443207 0
4020218418 20
45334237 21
1752649528 0
4096747219 19
1572445260 18
3350723184 8
4272347442 0
2593897943 0
2029930304 11
3239031191 11
596568224 22
1754849110 21
1623443917 10
3283552733 10
4277611896 10
3442256927 1
3094535175 10
56901720 10
1580952329 10
1716877105 20
158781206 10
2026037364 10
2671012699 16
1855658873 8
3865919013 21
482860535 21
286563798 22
2883480381 21
1145149544 17
911803444 21
827164080 20
392797563 10
3162706246 15
3513765415 10
97503762 10
1045588349 21
1543624294 20
2234115229 11
1956897695 11
2990698200 12
1615046097 11
2955494929 21
245847526 12
2478686464 12
1300462079 14
3588967562 11
3028222352 20
353246256 10
3496723422 16
1614728306 16
1886715895 11
1837475904 21
1540352672 16
2098947616 6
1532587049 19
1287113339 15
1052275505 21
2986969619 11
4225411768 15
1379053485 7
976860515 0
3087128481 5
740736541 10
1476889501 5
453130681 11
167408365 10
4012332499 10
1007579263 17
4112733497 20
1053742277 10
4110379404 10
3062192784 10
4124247031 10
1886086530 15
2960146494 17
3037744136 10
3400702844 21
1893350052 16
2000700429 19
2172969842 11
4019858244 20
1541739469 0
764835364 20
1895036354 21
1987980503 21
4273498115 11
894839465 0
2418245406 20
3329451340 16
2376766386 10
1186193582 21
1626235044 15
2727433586 15
761408025 20
4229752446 17
3469238348 22
249409060 10
1763620763 12
1629706258 12
4036404858 12
1354662429 12
972136411 1
2323975578 20
2420210904 0
3547699952 20
487874328 11
3555445882 3
4138886440 2
2591300755 21
1436876712 10
2752939416 10
1334815036 6
866312686 16
755054390 2
3398945582 10
2527331273 0
2973873336 20
1835658975 20
2348042432 19
1062603642 16
1586174348 20
3260679948 16
37148441 16
4121148380 12
2617466415 11
3603209003 16
1789129641 21
4034568263 20
144306577 20
3202759529 10
1007822982 21
2008562723 16
3831436580 21
3922048017 6
658147276 6
1896417026 16
1330401935 16
213592565 16
788186007 15
1295316368 15
3002340051 16
1726789885 20
2809405900 21
2563467398 23
3912900271 22
3270800530 20
2718706186 0
757564033 6
1727496701 21
1484202892 21
415306179 10
2960256 10
907871668 0
3680438058 6
2395610824 21
3234978167 21
3392415933 21
2395057470 11
1100004287 22
1671751714 16
664994207 16
1908762465 10
927060728 16
3593839399 16
766910890 21
3506965384 16
2181355154 2
1506031324 10
2396726896 2
980768571 20
1129098682 1
367087453 2
1364733109 21
843780519 15
4181951835 12
168522168 21
2216534145 21
2557933470 23
2775579709 20
3132338749 11
1938247308 22
4246369833 10
565294555 16
517642848 16
2598615479 10
3308746791 10
1896399075 21
4268264552 16
970509921 0
4075870137 22
4085653398 12
3513138512 10
577947433 21
3564291882 20
2186183526 21
3343456762 10
1325278874 0
1423260160 11
1587767461 19
2600480250 19
2830244696 10
1730742406 11
4101382415 0
3781229913 10
3907132188 21
1856416292 1
4160125099 12
1493325772 20
3744499982 10
4026546970 21
521479424 21
1718160794 21
1144104511 19
3589868677 1
3023777020 22
531470943 17
3543431784 17
1126349606 10
2120914917 21
685662221 21
2000747193 21
4056219060 21
2703672370 21
2894569680 11
1560030177 19
1711199369 16
1086824568 19
2367042222 19
1081323849 19
1029536640 10
3701267868 20
1775899245 16
1820800656 15
3929275475 1
1278331629 8
3030392915 10
2605150041 0
2211434499 21
1306137388 8
4090237685 11
3115725933 10
3555453282 10
304166836 22
641694620 22
1394277958 22
391602720 17
2356224974 17
3041466293 6
3241237710 6
3155305161 16
2281721044 16
946614371 16
348478000 20
1856687560 19
2536438411 6
1512374046 19
3020788614 6
2614494418 22
257902820 11
2336379261 6
3098949741 6
1613577805 6
1599433302 6
2403195895 14
3251667955 16
1751572240 20
2885241284 16
2279283034 6
581288280 6
3331096835 6
2813283373 6
2057637772 6
850560692 19
59784078 6
3228963284 6
3197357035 6
710092818 6
2427046714 6
3920108413 6
4111547746 6
2431739412 6
2157229196 6
2452393404 6
209300594 6
1378310795 6
671643695 19
1557577428 6
3282444824 16
649732281 11
2851523353 19
4203390696 11
3997154829 11
3159819402 10
492051888 6
3964326789 6
798884878 6
20676562 6
3270400638 6
90853907 12
1964222745 22
139592899 22
1402541956 17
3448270089 6
176332748 6
2301715663 16
2328494377 6
431591531 6
1245861989 11
431912168 11
2035329288 11
2915694431 12
89704339 6
1858298696 6
1240326835 19
1057689031 6
2691142937 6
1360789429 6
3674341814 6
1055788221 6
1281811640 6
986038607 11
3793512468 6
1217382500 11
4098809273 20
2256948057 11
3433580282 11
1595730111 6
960956044 14
1048127502 10
4198584969 6
1438770695 6
1268309615 20
758022017 16
69532763 10
2312091675 10
1050320566 11
432013805 22
444315606 20
3208647167 20
240404391 14
1193165462 6
1054841732 11
378345287 16
3904545768 19
2207892786 19
174294561 19
2565521181 19
2252042180 19
1201580874 6
2533195601 6
70469026 19
3441153714 6
1223536644 6
372894682 6
825086503 10
3790769780 10
1936436840 10
1244571627 6
3969450907 10
683169793 6
614377250 6
3741835496 6
4161247151 19
301459378 10
2386077589 16
3785172792 10
3312019992 19
1007530360 20
2170768158 20
2688440060 6
3777769091 22
1733756978 16
1820150665 6
1213300895 6
385512256 6
871903544 6
2882489236 11
522326094 6
2091349473 6
1518411470 6
4027138755 0
1324458762 6
1152177591 20
1268853071 6
2881144014 6
1530518831 11
3023286702 6
1598627762 20
476526044 6
1979440660 10
792076106 6
333730733 11
3057637107 6
3006409236 6
1393712096 10
2531281699 11
2159647507 11
1429764873 14
827935743 15
30916217 11
3518960652 10
3816165230 14
2681831018 19
463938909 19
704888918 19
2625223291 6
4246096537 6
4066280939 6
2845713286 6
2907087082 6
2748253219 6
1661201175 6
134956582 6
3231793741 19
572687187 19
12963368 6
1985538265 6
3075848766 6
1269666688 22
434207057 12
2410071085 6
1901227272 12
1795429081 19
1009063983 6
4168362425 6
3573271908 6
327580593 6
3128106566 6
3473009447 6
1558784310 6
171009778 6
1893629569 19
2245072497 19
2852947297 11
796722248 22
72045605 11
478565513 6
1408257563 6
2330564678 6
3928048044 6
4226509437 16
160636066 16
2814228887 14
1262135710 21
1660919299 10
1788017096 10
856334088 6
849908637 10
1464768024 10
2433877821 19
3621360596 20
1532982481 19
1066665707 20
654368404 19
974644227 19
3943426989 19
971162523 19
3967941364 19
279234247 19
1268098686 19
341471542 19
1131213660 19
3510895406 20
3545899756 0
3623317598 10
4197790973 21
3020662565 10
373145517 6
1832657079 11
2989905274 6
2554102408 6
3888264519 6
1768166210 20
1245052198 20
3190521369 19
1110909714 19
4123590482 6
4025165845 20
4288454311 11
2559299309 22
3843098069 22
2807994650 16
2334339114 16
3837105125 6
3550598509 6
3736139226 6
131937365 6
1467470239 6
1790935045 22
913792845 20
3772567160 20
2893797632 6
1889375009 6
2614945516 6
3279169314 6
2268646624 6
788634999 6
905633378 6
499582869 6
2998264637 6
2402995182 6
534029091 6
2845290121 6
3036667477 6
917044002 1
3558759674 16
3862600132 6
2170815594 6
3804985553 6
1035516139 6
2653517274 6
3055992539 16
3202921620 16
1325753664 22
1396000375 22
4241537242 6
3241638801 6
155254616 6
3445203084 6
789093374 11
2846331771 10
1595852950 16
2031067356 22
1018773080 6
3611162675 11
1609111072 6
2349775669 6
3187679423 6
1523628460 6
3592794241 8
3446970429 8
2180732884 6
3487487806 6
73167388 22
1947292712 6
3425180550 6
1830273680 6
3423404839 6
2609261226 6
3311292447 16
4001739296 22
4233438916 16
1335368382 19
3383528073 19
932261408 19
3759663510 19
1631356083 19
2978952496 16
3436747448 16
1251442949 16
1039309277 19
300707301 19
994903105 16
813416191 6
2697639765 12
431676792 12
1406711145 6
1689041435 6
3543338536 6
2671863768 6
3097501046 11
1859101414 6
1961582423 6
3576252679 6
2155131066 6
1208716925 6
1127660429 19
3158648443 6
1374518674 6
2416930540 6
2330041546 21
812115212 21
3872263833 21
3973430993 12
1207701315 12
3527211467 14
2276338766 10
1979194480 14
1789030292 6
1955589191 14
866491652 14
2589514628 10
683609686 10
3856506314 6
720808093 6
3929305847 22
3075368099 10
3088799875 10
3011797568 6
427461404 14
11903787 22
3972732629 22
646018296 10
2290844216 6
4279062820 6
3045816624 10
3367970019 20
1307977545 22
997190205 6
4123856103 2
2687258247 11
2947196213 14
206764612 10
2511306781 11
229173137 6
3523638427 6
2755048614 11
763186040 6
961609862 6
2976183361 6
1445698504 6
4034638970 14
520799960 16
307650788 20
299977439 16
2825393193 6
3969715327 6
2264131771 8
1681044654 14
1416408965 10
634055788 14
3801156251 11
2120756568 6
2278294316 11
2508727449 6
2242962440 22
3932156103 16
4067630893 22
454877722 6
1025660547 6
1409032328 0
2052387140 6
3152867853 10
128524612 22
3679206945 20
2736146723 6
52314898 10
252060253 10
3124037790 11
2793142138 6
4042478309 22
2548917458 17
3005622577 11
900608363 10
1228378097 11
3566474503 6
928194890 6
471563276 6
2479438356 6
630776629 6
612159137 6
1848191402 6
1252414213 6
1955755195 6
3891435469 6
3756872499 6
3232324768 22
1099986186 22
1371708896 6
754463225 6
1845632487 16
2158788992 6
2793106128 6
209851390 22
1214513897 22
3714639498 10
111002220 6
3115846685 14
3664960746 14
2228464007 14
2969801242 6
3253517629 11
2083462231 6
2339675654 6
2484237935 11
3570370223 6
676086731 11
111697297 22
2225529215 6
1608971632 6
1294144302 6
460674740 20
2371276431 16
174453076 6
2325275890 6
1905385960 6
3440462541 11
1795334525 16
4279253267 14
3486385856 10
3117258192 16
3440163555 16
64189071 6
1411668407 11
558488327 6
1647288951 6
3083557905 20
3779950702 14
3390366829 14
3489156023 21
2615869881 6
3491395556 6
2800769044 10
3436227020 6
3198009652 6
3992715090 19
59432993 16
2034066637 6
2158027904 6
3233738292 22
3831962247 22
1357800479 6
2110547571 6
1137730918 6
3275855120 6
1472607726 10
639899861 10
3541673408 10
3824996748 10
3221512783 20
2407754853 6
2103885552 6
2726803808 6
3971339336 19
1216883162 14
687556251 11
4055297179 10
1433222505 6
1862297861 6
632502067 6
4207751256 20
1655671165 10
4050190193 14
2905283294 10
4088850447 20
4088611800 6
258597818 6
2416280673 10
2560493942 16
1433766427 11
72880037 11
467733687 22
137637945 19
3096958487 19
1988729372 8
487883345 19
2572610664 22
3212349193 19
3600716925 14
1919476330 6
1423215012 11
1862593230 6
3898288396 6
2118276106 6
964479664 11
2509954252 14
1927768054 10
2748803535 10
2697091335 10
3352205028 10
3618783290 6
2445628711 6
341342639 6
397152888 17
2927507008 16
1415361612 22
3496285238 22
2440145757 17
3121549769 6
3394535731 0
2989632399 6
3456713673 6
617449114 11
4001198906 14
1469648499 6
2860158261 10
2966797527 6
185481971 6
3969719504 6
2558094226 6
997127012 6
4012323801 19
1806857267 20
1071604650 22
1562579927 21
1602774281 10
2794840655 10
2466282317 11
3313377093 16
2548690579 22
2317974187 22
1120732824 10
2425926439 6
3821546905 10
3949965865 10
3244540779 6
2167155194 19
2098419215 6
4041077760 14
2034053761 22
3552319196 21
1146639330 6
722359919 6
610180626 16
2648932322 10
953930310 22
1743207460 22
2278226490 6
1429564248 0
3447227265 10
1119087265 10
3988571375 6
3622942251 6
747053175 11
3705481146 14
2495558230 14
2472491863 11
3414187965 6
49811908 6
3607991746 6
463052956 6
201088686 6
1697512855 6
3170600366 6
423034740 6
3568839007 6
1925103729 6
1348842881 6
2910670799 6
1970463060 6
2826308014 10
2882450712 10
1788458151 15
3526992607 15
1070091591 16
3860224718 6
4029222865 16
3856642466 11
2483977833 6
2173847584 6
2909982450 16
540417566 19
2413454969 19
689794850 20
2268952769 19
2576004941 19
1718424556 12
61506742 19
3705258754 12
2131980585 19
2213594178 19
3168889786 6
37784800 6
2222076852 10
3573968098 10
1267470029 6
2204286880 6
1557156746 6
1012478649 6
3374867521 6
975186029 6
2508759504 6
3593091763 6
2808914148 6
1169204740 14
1266745554 16
3850661626 6
815674318 11
4260527631 6
3356994361 6
4209908171 11
634926743 6
4045056759 6
2113905785 14
3009535395 11
676710945 10
1622881449 14
2096235046 17
2456221890 0
4138310958 20
1670333072 17
3579877260 19
1389031439 19
1366286970 22
377654938 6
378178292 6
85082265 6
1521932614 6
1235996725 6
238304622 6
2685049619 6
1677736 6
946863527 10
2203221005 22
4129998704 22
2486672495 22
2939193499 21
2514288457 21
2294802839 6
698891425 6
2802054610 11
1376534654 11
503115708 10
2259191738 6
874222463 6
3019072441 6
1584913075 6
4291673178 6
1284157111 6
87197181 8
4110352980 16
1376746428 20
4286155936 19
3200823589 16
1470855836 16
3489530724 19
44046704 19
664601740 19
806091502 19
883047186 19
186330253 19
3548837476 10
2718277764 19
1613209073 10
2209752043 10
631640429 16
754242056 10
3075716334 6
3142527294 6
1347634743 6
1988749933 6
1907781857 6
852074081 11
2324591091 6
1339819342 6
296501224 6
1999078141 6
1065006502 6
2882057986 6
292098438 6
1651757927 6
1721770567 6
2863052763 6
2924828690 6
1272784270 12
3220677227 6
571457812 6
331749278 6
3586826055 6
758471310 6
3667436537 6
2526743196 6
489356195 1
1678507920 6
2336227295 6
3942157179 20
2690140991 14
2465752360 22
1096673906 2
2932488101 20
1115651900 16
2239410568 14
4186992941 1
688064066 11
2709113489 11
1644468701 20
3417983420 19
2649895725 22
1402868206 11
2213099036 11
3101347127 19
3283813312 11
670182599 19
824330909 11
1666019339 20
3650421019 14
407236126 22
3166186793 11
1422534789 20
1495532886 17
2989517060 6
2341035041 6
2092932473 6
2894272760 6
825553911 22
84110665 22
4261958973 22
3479681490 10
777779746 16
2368850640 2
1131278392 19
2918663904 19
2811532215 19
639209908 19
4087708855 19
3842541387 19
2004808419 19
1293355418 19
1769157799 6
1083797817 22
3277171284 22
1015571362 21
344210678 6
441124159 10
3487661631 10
113052911 11
329776195 10
2669085327 10
966057752 11
3436484125 6
1891408258 11
1344446136 6
930012565 6
1850824581 6
864984531 6
305856724 11
1193013767 6
258930155 6
439038180 16
3208018418 20
3111581359 6
2906858996 6
1657785836 11
1038737185 6
1342150174 6
3967074094 11
3269010609 6
2403702683 6
1233346243 11
3118167800 11
709990993 6
3974261374 11
4037723480 6
1427593294 6
533829376 11
2050510888 19
1441000187 12
1794703681 6
3245171924 6
531326904 6
514518665 19
2866630120 19
1726428644 11
1211927124 6
3254771511 11
3870604212 6
3959503790 6
649648301 6
1769069598 19
2260115928 6
2628131235 6
1072813799 6
3921467447 6
822842086 6
3645685211 6
3317329132 11
748052165 19
3777073553 19
2276155242 19
1732628311 19
2312119133 20
747623486 6
1315666521 19
1467031305 19
129176513 19
471049852 19
1738175192 6
3755890618 6
3990895555 6
3326487271 6
4006628083 19
1660738536 19
630609803 19
2028777410 6
2530038818 12
3234642685 12
1008477038 6
3213449337 6
634929546 6
2207564615 6
3066190365 6
383812009 19
2616332165 11
1765202174 6
45816951 6
1272372271 19
1483569826 19
4026218711 11
1383414833 6
865462048 6
2897202838 6
2652969439 11
1915792183 6
4052441340 6
3468059687 6
2609897083 6
3614994384 10
2904621573 6
2359734443 6
2484112599 6
1903271511 6
481834863 11
2061016586 6
4120486228 6
265582508 6
562054811 6
2054462019 19
1764956602 19
3104172156 19
1766543553 19
642114549 19
1611163163 10
980681886 6
2283705944 6
1878107667 6
19509034 6
303006989 10
2149419893 6
959292158 6
585231306 6
3764781278 6
2712070371 6
401053179 6
2965504472 11
595041270 6
112107913 6
140111026 6
1638820826 6
771294216 19
1227497443 19
1106922561 20
2835800769 6
3116550509 6
643348659 6
1876492252 6
1768909929 6
438325076 11
2834752827 6
3999503629 11
347988368 10
4054581842 6
3959564476 6
416215269 11
2213628277 6
2640850807 11
1433784970 6
104465073 6
1970533249 6
1093838623 6
3750243328 12
1172771799 6
120844020 6
2704731308 6
2489276638 6
869632080 6
4268167519 6
3842459270 6
2988759664 11
2470784135 6
1023165973 6
2327790167 6
2625709191 6
3228335841 6
2717782161 6
3313609034 6
576886281 10
1975134053 11
1950189607 0
3271799816 6
3879223919 6
3198198674 6
4235664051 6
2234498846 19
1789326313 0
3627993088 6
1379296399 11
4206394605 21
374514408 11
3010559241 11
2840990336 6
3342362535 19
1226057122 6
511131878 6
1972722710 6
565344129 11
940443764 11
2571198338 11
1507977597 19
1083193776 21
4122997291 6
2515193069 11
3536260967 6
1405621502 6
1626140772 6
346807451 11
1099610017 0
3445607032 6
499193925 21
2940790593 11
1533775961 6
873532270 11
1383255361 6
2166501558 19
3568503750 6
1552009587 19
1925893283 6
359334838 6
4643456 6
3708013221 6
4197726500 11
510792816 6
2444607260 19
1160940511 12
1986263615 11
397131272 19
3127926137 19
1993377446 6
723438480 6
3415961982 6
209905173 6
3024124571 6
841177931 6
3998013510 6
4208469599 19
634696966 8
2913351661 19
928174718 19
858045506 19
511279678 19
3579051275 6
140392557 6
2712051673 6
3974819154 6
65938749 6
2748661083 6
3284896940 6
1782663935 6
3000856267 0
1542789393 6
793155201 19
1638914559 19
1652744381 0
4220359858 19
633143628 11
4152962738 11
1865451816 6
1189919935 19
1649164969 19
966648675 6
2614482324 6
3046902996 6
2040629277 6
4043652243 11
3937482927 10
1383198206 14
2822300793 5
846244946 10
273576878 15
4241937123 11
570804616 6
3307381153 6
2029127669 17
2594863431 18
303839650 6
1233319259 6
684800750 19
1190028194 6
3563882497 6
4274131 19
2735169111 15
1818195671 0
517162238 10
1917817156 16
1883140320 16
3920346674 19
376406190 14
2782094827 6
2019132569 19
3288644457 15
3584932437 19
3133794183 10
2922691540 6
4227970308 16
2554457103 10
3605269886 18
1787663502 6
512349004 6
3357042300 22
2694035193 10
588384204 15
2867795389 15
3741486390 11
2796485634 15
128770352 22
3556431559 18
228862790 8
2017618217 15
801057331 22
673913387 6
3246757495 6
1246832505 11
2253932286 22
751092509 6
3440887745 6
1028790894 15
713695965 15
4290124915 10
2089782405 10
2157979884 10
4206591674 18
3158921511 6
2153023528 0
760466491 6
1621576110 17
1571676856 6
2582297904 22
3953773596 21
2443769496 10
3131939702 17
930390059 9
3841058863 16
2958269148 6
2527130071 5
2781367685 6
2800511970 10
2669665859 6
3755297145 17
1871536804 6
3693835695 6
2398397384 6
1151580341 6
3543296940 6
3749183709 9
3312608318 6
324895424 15
452587690 5
3649682407 10
2764247791 7
517439538 18
365062591 10
305464518 6
3203562964 10
3910268551 6
1337137666 19
718918252 6
3424985447 6
1463713773 15
707107145 11
1345975916 6
1208548919 10
770116633 0
4003213946 22
1922557353 15
2992760893 14
3300148883 15
3594631984 6
723858732 10
1510442962 6
539173185 6
430353487 15
1832593451 20
2025272446 15
251408725 15
995246825 15
436210182 0
191444900 15
615818331 19
4255362796 5
4285398064 1
3374008361 6
3703160374 10
1059369077 17
2373929472 21
802240121 17
3432920105 6
3438996605 6
2715372455 6
2777237011 21
2857849311 14
3139608091 15
4048750036 6
3403558443 6
3316877973 19
49079592 10
3629411384 4
3668701454 17
3660058671 6
3972242697 17
769843678 10
4178715962 16
3555016881 22
3597230413 17
302095091 17
4243319054 17
1068716490 17
2845840062 22
3996264601 17
3561665567 14
110817521 14
860496718 14
1910502802 14
1881393023 14
708936438 17
2278177320 17
4137840998 17
2126649459 17
3111120393 21
3256153408 19
616480925 16
3481513212 16
3787180850 16
2008690764 16
1576585409 16
374605789 16
4260546922 16
1606285472 16
926698212 16
2747671531 17
158829597 17
1489087639 17
4241485203 17
3289287690 14
3796407620 10
1606915964 21
2547905119 14
2348266369 17
3524026073 17
3833040029 14
4106270975 17
3972232775 17
3726711458 17
2946054513 10
2569262608 10
2035331370 10
4108082114 17
3966969975 17
1829371401 17
635960970 17
330519221 17
3198790917 17
2176912645 17
843364852 17
3939712322 0
631453761 17
2493334137 17
441700259 22
1621899998 16
1529774447 16
2688340547 10
427713881 10
1191435470 10
1781241887 10
1133209415 17
180913041 17
2591270204 21
1080777821 17
1240623704 14
3529905724 10
4097015175 10
893227536 20
2569842285 17
2922189504 17
103108643 17
2821823234 17
2866890725 17
286748654 21
2231923037 0
2586156899 21
2221226566 22
91488838 22
1593057308 20
1534059789 8
1116349370 8
1977941931 0
2990190595 0
1868965803 10
2836271852 17
1918261364 10
1975734679 17
2776414506 17
3865034361 17
621040585 17
771239484 17
368825455 22
341285286 17
2102613357 0
22341959 0
2900941571 17
3453860535 17
1958361285 14
3448302473 22
359120949 2
3737445984 22
3244202007 10
325863120 11
1267650986 6
3099250780 11
844953760 21
1403469756 0
2063605905 0
3729534351 20
2063094722 0
3488948722 20
3007329650 12
128040589 0
4089605044 0
173371252 11
2485019143 0
4076126644 11
1113350730 12
1415168075 16
2389139244 20
1116216404 20
3621977546 20
615665806 22
750190806 22
1797743878 22
1429685892 0
1409208187 11
1902343152 0
3986415039 0
1389553644 0
1258328850 0
708068166 0
525511811 0
1972292339 22
1813203526 10
1802382844 0
748518432 0
3303808760 20
2363309105 20
2998746284 0
2486244844 0
1385689322 0
194516419 12
1416015293 6
4141443894 8
3539108060 20
1627407723 0
3332187453 22
3169911903 10
2553761155 8
597579641 8
422112323 8
2058996673 8
2482685396 8
3165897285 8
1780997695 8
1666281636 20
1875715863 20
930136064 20
2569873469 0
4193805137 0
4071082094 20
1083360403 21
2770690827 17
103551389 11
3041195526 11
359405024 8
3384553923 20
1066797910 0
890738561 20
2230073228 22
2282304240 10
3753886261 0
108909810 0
2964409482 0
4140262561 21
539076579 0
2479194457 0
4267481156 12
2202930644 0
348429275 20
73112237 14
940544073 20
3480876889 0
3025968099 20
2954091738 20
2513062341 0
795356613 21
2369068251 20
156300108 0
2900438748 0
2638914495 0
2869621883 0
3392578604 22
3169811258 0
1824071359 19
516181800 0
1743429039 22
3568381755 19
1635131076 20
12373274 8
3061283282 8
3113535012 17
3236094991 22
1920447806 16
2453704732 20
558754251 16
1256245284 22
2499794638 0
2102313834 20
3097301901 22
2640736529 22
525007625 10
2490249162 10
964308976 0
820933783 20
878211071 10
2157076996 12
2499920243 0
3553612181 11
2730524152 11
2039261177 0
1837316582 0
965037288 17
1158514647 20
621221195 20
289946407 20
2877313682 22
2511550887 20
821746416 0
2255937686 0
3741458041 20
1498905161 20
2570619867 11
2474679442 0
1062434609 20
3560403146 8
3562433482 20
1909703354 20
509516401 14
353638321 20
668391241 22
3428064615 0
3873794233 20
467367180 12
594699604 12
59738672 12
237489057 20
3912721330 20
1321729798 20
1713444059 8
2824563316 8
3697002121 8
2386669585 20
1604379885 0
2917297744 11
487779079 22
626958233 11
2642973783 12
2793332911 12
500866426 11
4179629420 6
3772762188 16
2805205791 0
758800489 6
1071843127 6
3372700121 16
1819140537 6
4039866719 0
3951155099 20
2451749006 0
23708456 6
1764502561 20
1046295548 20
2249355710 20
3419499801 0
1748786797 22
4015641857 19
2097465735 19
229492748 10
1499052617 19
2100899870 0
4241096190 0
3782886866 20
867937953 8
3994573218 12
2238596442 12
309289298 12
4195089888 12
518541968 12
382517038 12
4041037248 0
2048015202 0
3013046898 12
2927846544 0
892685020 0
3106234065 12
3245711914 12
1256545214 0
1868077328 0
2357564100 0
3371472474 0
1571046256 0
1560748904 11
2466967408 20
2687401688 20
1504443457 20
4233887185 20
606906370 0
266311039 20
3409500886 0
118665914 20
942548447 20
926904357 19
3011469650 10
3560360834 0
1962609334 19
3173687622 19
4049557984 22
3638889784 20
1371349759 20
278793673 22
784420702 11
3650860134 11
3713625105 20
3285365326 0
3856749144 0
2727148670 0
1411238015 0
2112903736 0
38153376 11
3083255646 0
4257327992 0
1525411081 0
2998172376 11
1985800043 0
3254676119 0
3776077237 20
866173292 10
4090531607 16
4020186586 16
716145142 10
4059138651 10
484418580 20
542152642 10
921362198 10
2513760274 20
624610591 10
3731182548 10
2022687899 19
3499071607 2
1935108114 0
2426256763 0
3398482454 0
3175910034 0
2053552870 0
2595734100 0
2530135328 20
3391982422 0
3801920876 20
3286230617 12
891251730 20
700928135 20
2863906799 11
1753461130 11
798663397 0
2240534129 19
856761422 19
1293850715 20
2251151040 8
644446982 10
3697497867 10
319476926 10
2784668218 23
3558081699 0
3284987077 16
685681325 19
450032841 20
716564419 0
3833106143 20
145602310 20
2121597067 20
3671683306 8
1771124512 21
422554687 8
3904605168 8
371416583 8
267004666 0
323971272 20
1988537763 20
3540744069 0
4161600292 0
2048531675 20
3092810557 0
3609201381 20
968209663 20
2034682523 20
3372069199 6
78919360 22
1142988103 10
2147728309 0
959388287 0
3057098186 20
3819483732 12
1181049540 20
91851492 0
503209916 11
2659989525 0
2030628645 0
1077856764 0
157111492 21
687120847 11
1500048787 11
4215366734 8
20045519 20
3889926767 8
1301747949 17
1342110530 22
2019483804 22
2554902886 0
1318990461 20
3684211617 0
501812572 20
1835031852 20
1185091991 20
2517750631 11
2027709662 20
1076566382 0
1024623861 20
1158195262 22
2488875665 19
1951633847 23
4210663333 11
1621302488 12
3200098421 10
149278534 0
2737943649 10
2572590181 0
4217290174 20
3693674495 16
1829042822 0
608848176 0
4048728371 10
2775755320 19
861626012 22
2636803775 22
1661902312 11
392049035 0
2369418079 20
687032159 0
1697141795 20
3933323801 12
3007070684 12
1021668239 10
2941471405 17
2335787381 0
2626078553 0
4049642886 20
1742917498 0
565768385 0
2172805656 0
181477279 8
1227859729 12
2355546746 20
2769317319 0
3097122112 22
2938451398 22
3244632310 0
3573579267 11
61315988 11
1290913497 11
3258721861 0
847450581 0
451070745 20
3755902775 22
1529948621 22
634246055 0
1059265707 0
1464652939 0
854131213 0
2284042100 20
3494110072 20
2865525809 20
2632289389 16
2508424278 22
3501858195 0
1318551692 0
658965991 11
825394145 0
2239185141 20
1855178686 0
3343850888 0
464472403 0
1585532098 20
3843525053 22
880696931 15
1044431514 19
2347962569 5
1993845199 5
2574687881 5
2109009429 19
2533702204 5
3562453083 5
662255749 19
3389393168 1
3952421137 1
1636397705 1
1755193728 1
3932376920 22
2746803013 15
2561590222 5
2566455452 5
3987592669 5
3921383718 22
316698841 5
3743073975 5
1434138268 11
3551709169 15
797485253 15
4168755660 15
3485672031 14
2775118877 15
711090500 15
4227625890 13
2556255709 15
2423444493 15
586302484 15
4206598664 15
734779972 19
42297931 19
2463611662 11
400779787 1
630248236 1
3237348395 11
378479648 19
923522546 19
3244544175 1
93252296 11
2606146417 1
1243858826 15
124258007 15
391892778 11
2240698278 11
3564119435 15
1105072817 11
3984534223 15
810244480 22
892191228 15
2467695340 15
521706266 15
3269927384 15
4167703283 15
4015793694 15
1186327968 11
2218339321 15
3937965862 15
3060676852 5
1911553318 15
2945538049 7
663897415 19
2298076816 15
1034398392 7
3224699097 15
895611537 11
1069780738 11
3450356057 22
4115399884 15
725440546 15
15937515 22
541911599 11
2059558428 15
820212154 14
3596247227 22
3138856339 15
2471663940 5
2861895710 15
509691719 15
1820879291 15
51509699 15
355261689 19
3296211439 15
1393767453 11
1363800378 15
2485300073 11
3254421398 15
3523550132 15
2164540106 15
4249909425 15
48217615 11
1764891370 15
3826685863 5
3734428172 11
1357191143 11
1543352988 11
697684985 11
2788393173 19
4277013413 11
14052676 11
417519750 19
1201759851 19
598946125 19
2912590904 11
2850939921 11
1312016825 11
3903204416 11
3571304495 11
1007868862 15
1131637349 14
1354623882 15
114290740 15
1118849971 15
1800290195 15
4272270413 11
3647182772 11
2626975158 15
2625839459 22
1957988039 22
173069383 22
1410892460 22
1776065093 19
1483427118 19
3468309782 15
3304216254 22
547994853 22
2763464404 15
2821587943 15
3186453770 11
499343588 22
612723395 22
4268330561 15
3335185539 22
2690377428 22
3908513176 15
271993685 15
947170387 11
1607062870 15
1868324733 11
2618836272 15
4243320648 10
754282661 15
1203885017 15
1816570295 15
1468638794 15
1648089260 15
1172342912 15
716651054 11
3581917359 15
777114330 15
905113971 19
2904491370 1
3406652734 23
2695873215 19
2251771910 19
1479445061 15
1562344459 15
1765141236 19
2426538332 19
164147989 22
3788382461 19
3938768258 19
2136020527 15
2017833480 15
639007010 19
3125878783 15
2195703496 19
478272748 10
176797910 15
215862011 15
1744452065 15
2217466857 15
2846502430 11
729323115 11
584136508 19
3987542015 19
1824135477 19
1370021517 19
1006679186 19
73004385 1
2651701927 14
574470080 15
2507998029 22
3467050738 19
4255111026 15
629747008 19
4029143511 1
1237802294 15
2185521140 15
3894703688 15
1735678799 15
766330035 14
3061068361 15
1614195950 15
2757309171 15
1248909554 15
1748335554 11
2355486593 10
2104893270 0
2198330371 15
3875278519 15
561505982 19
887551570 19
2099789026 19
3080206560 19
2677132898 19
786805138 19
1572042897 15
4089999901 19
244624829 19
2891398242 19
873767742 19
2258895291 15
1076416855 20
523634734 20
2966506893 20
610420526 11
217568033 11
371350497 6
3932398527 6
4186343091 6
3704041721 11
993322429 19
1666489706 10
3236655956 22
3408947883 19
2108153701 19
3014585240 19
3607983908 22
3751050706 8
1806141967 8
2066231505 19
3156966339 6
3710714913 16
1915550355 16
2378966751 16
1233179194 16
1186471987 16
4013503321 19
3758397516 16
3315588115 13
3703452070 22
932768007 16
618031063 22
865752032 16
247334819 16
3337624413 16
2190414145 16
503494475 16
349076368 16
317244819 13
3570811389 22
1550990529 11
4162814775 12
1335310722 16
2261059162 12
2400237643 11
92654665 16
1420456431 16
2943639823 16
4234887291 16
281027569 22
1742409472 11
555731425 16
546426200 16
2012076902 6
341524093 11
3185318103 6
1919214428 16
2330413005 16
1488226236 11
58813532 11
1242510102 22
2914807126 19
1532442029 19
3264424317 19
3051679598 19
2410086723 19
2384080539 19
3201714107 10
3898293737 16
603340196 16
1608056710 19
3095869436 19
1353839015 19
187930282 22
1802444773 12
1702858620 8
2366230469 19
1685536487 19
1883073184 19
2011528496 22
2414604245 19
2588391823 8
2171829285 22
4141072931 11
1229582590 16
1938958839 16
1888363886 16
38471468 16
76637386 22
282739918 19
1389194021 8
11319616 8
3542385377 8
378478939 8
4054457222 8
2274733192 16
1665799666 16
1092081197 9
375495627 16
3950342743 19
2648092463 19
3067486642 19
2334651301 6
3452442894 9
3028951676 6
651261109 16
1560384725 16
827545217 16
2969744075 6
1067711062 16
3621275862 16
935671871 16
728826496 16
4090987846 16
4281705851 16
3814139553 16
3534522796 11
3153954773 10
931972364 16
3247042931 16
3711535155 16
243128769 6
2933668247 19
4023404890 16
540449894 19
3498332729 16
2748944891 19
1852303497 19
4195834759 19
2319356089 19
2170359585 19
405528322 19
2106675969 19
2131770801 22
3635273278 6
192443467 11
3358525902 6
4189852123 6
4047925201 6
2983545619 6
115374728 16
3393275643 11
49428474 22
963499301 16
2640950565 16
3409024984 16
3682285572 10
3260052776 22
2326886099 22
3290193600 19
672121991 0
541221522 16
3358855985 16
227166314 16
3081030612 22
2749585954 6
4168008345 11
2562542445 8
3494634495 19
3681679008 19
495231855 19
2292946872 20
416312950 20
1585279980 19
4086067874 19
1825600020 20
1096691864 19
3318490731 19
3393389459 20
1532572427 0
23446357 20
3749733973 19
400302513 20
165518924 20
3112422991 19
263126872 8
422448057 8
1812026502 8
485707038 8
299422612 8
1834627636 0
1794255249 6
1096227267 11
183874747 6
678290387 6
1319573924 6
688398717 6
1907038958 6
325302372 6
173498275 16
2023952352 16
4190516878 16
421068598 16
2034056482 19
2637227692 16
1126679411 16
652666304 19
3968533454 6
1609829202 0
4247427057 6
2118325110 6
2965743516 6
651228527 6
530110925 13
3980857616 6
1399260438 19
4120396532 6
779936977 6
956370961 11
359548652 20
2109350949 20
2026336022 11
3746983820 16
2332666108 21
2790691551 11
2024124084 20
123356854 20
1040896318 20
2421874599 6
3566879446 6
3523455611 20
3294809855 6
784082901 6
634871106 6
3869562940 6
1904755586 6
2549382542 11
3039489190 6
768573895 6
3376291312 6
2865216151 6
2003965081 6
3023574296 6
2700506671 6
674147198 6
1535143727 6
250910445 6
3903523393 6
559023536 6
3371363180 6
3376783827 6
244654310 6
2476908206 6
1954092581 6
1492479335 6
666822528 6
2051733354 0
4040609086 0
3794691128 6
898004605 19
2501909517 6
2199277279 6
3206251192 6
3214873504 6
1941615857 6
2662614362 6
4083713481 6
920308106 6
3499783130 19
275514756 6
3125692442 6
2924604568 19
784173838 19
3754288236 0
1836339465 20
1526537978 19
2741929828 21
3659560932 19
1565504500 19
1730702537 19
1722791392 8
3387987539 0
2811512514 6
4041365180 6
3915853835 6
1664956551 8
3611068243 8
128702527 19
1179256836 19
2407753437 19
2884775750 19
2784421417 6
1562441135 0
2475287335 20
1565975744 20
879517198 6
138217881 6
151970134 6
3794820310 6
3952079213 6
677902303 19
251744646 21
478690080 11
98351364 11
599725933 19
1344430672 19
2296710684 19
136594314 19
2561734206 19
84036616 16
3622636543 20
4176863037 11
1436545925 16
3085897741 6
3015470715 21
3085025788 6
1115725139 11
3156975370 6
3652151940 19
2071820379 19
3137284882 19
2709505588 20
3995535135 21
629957747 6
2187326432 6
3855786905 16
2211628522 6
394324134 21
2699412192 6
755844728 19
3759148502 6
2796598896 6
762490871 0
3957778457 20
31139551 6
286994602 11
1709320690 6
566108171 6
3231561659 6
4290657659 19
3000747256 6
1203466185 6
151119714 6
3245606835 11
2521774822 6
3451797185 6
1843873029 6
2835294296 6
3496931672 6
2991206462 6
2933522455 6
3353758457 6
1049830962 6
358358255 6
2898656185 6
1012810409 19
3096383359 6
1195151639 6
1316092584 6
2850827569 6
3360676613 6
4123105192 6
562953978 6
3718121469 6
1650068564 6
1617119411 6
3392517907 6
3555970280 6
2168626681 0
1699993751 0
3245832018 12
2556582267 6
3384568631 19
2935363413 16
174576328 14
1568318947 10
2077828642 19
2795253878 16
3801081047 21
2683732875 21
3615158572 21
3369049279 12
2803671213 16
3727054073 22
1653741030 2
1941986794 8
3420232888 20
3150968152 11
762923349 10
1242660026 10
974984395 10
2555305393 22
1801084692 19
2044390444 19
3988032079 16
2916659569 10
1851018497 22
2603366180 16
2660168877 16
3278327704 16
136788484 16
1998971240 6
4271604706 16
1318023530 16
2908119699 16
1789383334 16
386035742 14
3370687176 10
259929155 6
1079353434 10
2737393131 12
2352664949 12
2357801834 21
2328458157 16
2619880861 17
1492828249 17
1174715512 17
52865490 20
1920707544 17
1115067332 17
2776925905 17
607125230 22
553975075 17
700448044 17
1331503988 16
960914192 21
1230626559 10
1860686308 21
1753004356 0
3461988455 17
677991380 18
529002508 18
4005359047 22
263173655 20
3664969931 23
3653654090 14
2280287882 17
3096854037 17
732486666 21
3293600154 22
1795033961 19
2675597435 19
854426456 14
2386506184 19
606297600 14
1085115652 19
550273199 14
4118258968 19
3180764898 14
1667170811 19
3325735305 16
4232983639 17
3390900563 10
1011729958 17
2956820032 16
1263911942 17
1147385142 17
3038034668 19
4042416162 12
2322905312 21
2916116069 16
2353217809 10
2219028084 10
1839488917 17
756469786 17
598184186 0
2387506344 16
3587747362 16
537416754 11
2762441460 17
3650609695 17
908676520 17
4258036024 17
1453168690 0
915837344 22
1107555652 12
2263317601 21
2851077031 21
3482386056 14
1314414362 14
3697075015 14
135588179 14
3621543638 16
1569250683 20
2639345014 22
2115831161 17
3381239336 22
1825254338 20
747185227 17
2017123233 23
2483231481 23
3274416413 23
3633866795 23
1938837006 23
3427601116 0
1281808725 0
2001430817 22
3348793633 21
4178532107 21
2311339548 17
3376050930 0
1534079690 10
2652345811 14
3425838009 14
1953693220 20
354547436 22
791329966 22
210455764 16
2324113639 19
3252596515 14
481107209 19
3432383642 19
1732520016 14
637561767 19
3543065552 14
1284708485 14
2441647193 19
3148908034 19
2410343560 18
86816768 17
3207012543 21
3424967748 10
370504543 0
193111241 2
2953449818 0
3857009806 14
1562134539 16
683059827 20
4023155950 12
2135026874 12
1129386876 12
2089706464 16
1780161018 11
891902363 17
321441431 0
4048039902 22
2301273685 16
4093891418 12
2613044692 10
976891058 16
607651400 10
3655357182 22
1618782986 21
3994490859 14
2415393651 14
1366172099 22
3903179524 22
1007476152 22
1320629572 22
1191871572 17
1494942502 10
2431981588 22
2654498836 22
2823542098 11
3716493206 10
498775974 10
171870775 10
2920005736 11
1134473265 19
711109309 22
3993015861 22
1017419765 19
3162352693 19
140010495 15
4226974827 19
4167815629 19
1510698275 15
2888261758 19
4063693072 15
2286516461 19
3891491948 19
2274255833 15
4169152277 13
3117290676 13
2332489970 21
979647109 11
202899071 19
1494329832 11
261535483 7
619336434 11
3663608003 7
3397621673 11
207583073 15
1185920298 22
2803712394 14
722950447 15
3791287737 15
797593324 11
3711833290 15
2755889375 11
1028388307 11
2694830585 11
4061303619 22
797313028 1
661117021 1
4133270072 11
2547351802 16
2678338642 6
749106265 12
377248454 12
263176375 11
2246975084 15
468414059 15
1670520785 11
3387776011 11
3792432738 11
616940901 0
1908553816 15
123180886 0
643992941 6
3166543142 15
1678491829 12
2160448957 1
639763937 10
420021162 7
2669492673 19
4191921686 15
4252751373 7
2151899211 19
2694900075 19
2210890526 19
4226605079 15
3486287545 6
1252391434 7
3916690277 6
1406406242 6
933695409 6
1598291824 11
1597041682 15
1802936246 19
3804737300 7
441559746 7
2589077439 19
515565737 19
3455365570 12
29593081 22
2222873335 22
4052076546 15
4047445900 12
1938249495 19
3738104222 1
138246993 12
2291412750 11
1213933300 12
2957472104 1
3539357271 12
3983813830 15
2213247101 19
3986351115 15
681351860 12
345904710 13
947705753 11
1739098369 13
2144990761 11
954791585 15
168411377 11
2790801911 15
2667116368 15
2272270266 15
876461361 15
4113650695 15
3843630652 22
471267868 22
3297739011 21
2818990015 21
1417130749 21
419862145 21
3289502089 21
370574854 21
2225162539 18
1036636461 18
3021966574 15
2122960810 15
432617408 11
3609990062 21
2555979909 15
2475610736 15
1113374428 11
1764619812 15
624828824 11
2595397994 15
3870754957 15
345861132 17
1393203205 22
2911344177 11
3709988725 10
2533419036 11
3397618227 7
819379462 19
2742319996 7
2320393325 7
1307260881 16
3664923775 19
2241744012 10
1717834771 21
832159272 10
508707493 6
3277932566 18
908853122 10
214742686 10
2195244307 6
989870438 12
114374360 12
161385947 12
1150149410 12
3801810646 8
2787937841 12
182158478 12
1274487419 10
3269276206 10
1069678041 8
4204332127 19
2379938090 19
962981489 12
1253664136 12
1865361226 12
1378508088 12
2448313100 12
3359579863 12
3112475106 11
2285015237 19
2826941889 12
3392517327 19
3064912978 21
3380658931 19
2705917389 15
2732413407 1
4241954833 5
3374313330 5
4402857 22
1400329368 0
1956904273 1
3002371078 19
2102287635 15
1257191372 15
102746618 15
2294417689 1
2067867120 1
157086944 19
888557752 5
3384416562 5
1473554998 19
756834665 1
673051538 15
496178908 1
2773697342 1
769560316 11
48542961 1
844763750 19
169672214 11
1785602942 11
730161328 1
235588870 5
3933510060 5
503152263 5
609223603 5
2326126757 5
3234291232 14
852733286 6
4007062855 22
3989657808 4
590367419 4
3762480642 4
2090263596 4
4070899381 4
4022351210 4
