1037508958 6
184090414 22
2322512349 20
2593619610 3
2535901933 10
478248357 22
1128744089 0
2747468607 1
4074147081 0
685597597 1
3548352931 0
1901043715 0
4148803665 11
793323961 0
2623512441 3
3574888397 10
2633635369 7
1452365444 9
2678524281 6
1009310420 2
431108887 3
233184470 11
673444112 0
2356561134 0
1620179565 2
425122371 6
3307072449 12
2788563137 10
1394443651 19
2731592239 6
2641047184 10
3509578028 14
2389931074 10
4223369662 6
3974573611 19
2598169446 0
453526323 10
2653285978 20
2143157341 10
3158002817 10
2341585070 10
1618280276 14
3100567977 3
3941489409 11
739707997 20
3317070418 1
2809598621 1
3236900573 18
447758388 12
2321708480 10
2134409940 1
1348569198 3
3489564874 2
1007521363 2
3570602342 11
69749564 3
2204626427 10
196403537 6
2684034262 0
724344157 0
753385518 12
1158987573 6
347438589 10
4177149954 3
1378556949 22
1518611574 10
3332380692 1
2817811031 2
2729970765 22
3028419024 1
1868527415 20
3966085242 14
1533580676 0
3227222573 20
3983894170 21
465895827 6
4044040664 20
2332317018 1
2389166076 14
3503615096 0
4010542502 22
71176823 0
3181006362 10
688667654 10
3911087616 19
3780691472 11
3180119131 22
710306908 0
2088173870 0
2198316800 10
3485286338 14
2410348323 0
2651670672 10
2776482242 7
545244044 10
1810061715 0
1145412348 1
2341124950 6
483632716 2
522214249 20
1649386800 17
2132736463 2
3887145528 0
1856652175 2
1790178826 10
1621748193 14
2065952609 10
3130296258 11
366480574 0
914987599 4
3677950583 20
3990051964 10
3500514331 22
4216216723 0
3741791257 0
1850371455 10
616033819 14
1068793066 17
4174845650 0
2616965876 9
3676601151 20
2791596935 1
1720999475 10
3169226430 14
3459462597 10
238654550 0
2625640698 22
2518199838 11
3944724077 10
832646936 10
3008882320 10
3575531909 10
3248135065 0
3515312117 11
2281919350 11
1139100386 10
4126047583 0
212155902 22
2247228830 10
3264720274 0
25530675 14
1278956839 10
2251069966 10
2879048439 9
1547931375 6
1356689957 10
57512348 1
3996662383 2
3338107151 10
1799638319 14
1931763827 1
295397666 0
1111953568 1
2710784213 6
2917626331 4
1967986236 11
2882742421 0
871048054 0
1656818058 11
2453300868 10
2204341870 0
2299850364 14
842951585 1
361257409 10
2516865989 6
1269964721 10
2190470956 19
877429949 23
1832630934 12
2056617277 6
1989365410 11
2856724182 2
1244161371 10
2993342970 0
2579640717 10
4052005703 11
3914570054 10
1696923075 2
1589855528 6
1265151355 10
3574655507 0
1836732283 17
3391413384 12
3362963626 15
2717789718 10
2557762484 3
578408760 2
626650727 0
3793665597 0
4189688618 16
3337767352 3
2835905559 6
3979753516 21
1260298155 1
2350317043 1
1756289280 0
2686085056 0
2670718345 10
225830521 10
2907102632 10
2579917223 10
756631754 10
2622085364 11
221972676 10
4086499479 9
1071804416 10
1602646517 0
2272641731 5
794899264 6
805509210 22
3383639174 11
4209646716 10
1727924661 11
3191983440 19
2597569395 12
2144794767 11
1672029788 14
2310721898 10
37366273 0
4072859725 10
2780183017 16
2658818913 3
1536233649 11
3884532461 11
3295711821 0
2366866284 0
2051354441 22
3017902574 0
3533989209 12
2877998562 10
749613768 2
3722051407 11
3401735876 10
3171299305 22
582704299 10
2917450444 10
4122583408 0
253020804 10
3280815103 10
969538216 6
4138131680 10
2953821275 6
3739036400 16
1687169961 20
2094899700 3
3509696164 10
1267643346 12
1695777030 22
3277444683 6
3636867965 7
3001587331 0
616950769 1
771944494 14
636735779 1
840132978 10
627347274 20
1062989727 10
2907466389 20
3173179145 14
680675054 10
3414205656 0
151460241 15
539475342 10
2201623867 3
3790337704 10
260918333 2
3227073307 7
2850958059 11
2236176940 20
2987636366 10
1990013803 20
3314340146 6
1094791146 22
1632917908 20
870208371 14
3306309803 2
538886585 10
4047155842 3
2858465248 19
2812054821 0
920268056 10
2621543078 10
2491957100 2
3328640473 1
2984782692 10
1627851771 10
2376752138 1
2514469871 3
1217577506 10
562908283 10
1178918094 12
3916338847 14
3312179057 11
1906413559 15
771761674 3
3331340463 15
2906464138 11
2572997895 12
2947682628 11
1268353605 22
1363987251 20
2651045397 21
1307040322 10
261750570 10
3168887067 10
651368883 1
1966867958 1
1139048141 3
1465125634 2
1769124305 17
4050010164 2
1979125931 10
901309842 0
732848402 0
916711465 14
3470207396 0
4096471825 11
2431656820 10
3314650696 22
1921804385 10
677637546 11
3916755009 3
3579940203 0
3761032601 6
2204112722 3
4018102399 17
4261962895 6
3633014907 2
983139358 11
3457920989 19
811630989 11
3013242541 11
1829023931 12
1986522375 6
155708172 10
2823809714 12
1985887307 22
3089647212 19
855137144 15
3803757716 10
3578690382 0
1337404094 10
4060848765 0
660359857 9
3134349116 11
3808449234 0
1708448454 0
2187215406 2
3329653953 11
609053170 3
1749401299 11
1076638132 3
981530001 0
2754071142 14
1184183366 6
3555198158 6
3414339931 14
3171292699 10
154133573 10
2966603375 10
437502641 10
2911882665 23
2323164496 12
1378315928 10
3319195369 10
1303074868 10
811515313 11
3352763450 10
1610665665 6
1613256130 0
1632063009 0
2967152954 10
1778908380 6
1108375408 18
830628451 10
2353848570 11
4161715713 10
1040315131 14
1403112270 3
1296650570 10
3937031380 6
3555966458 3
4192607812 1
1025940894 10
498557561 10
3820047131 0
3546973182 7
2065390024 17
1912450753 11
2753526513 10
4974070 12
3675562803 6
2997753410 12
979970515 20
3151473069 12
3042833870 10
2090415415 11
2403436390 12
3143846294 22
2717504594 6
4264659241 2
1723921193 11
2505444957 0
2227719951 10
1324710878 11
2647253691 17
3493206834 3
3697592585 18
2819294944 10
1404979656 14
3255595403 6
1992179411 0
3166686994 11
667045322 10
3101016815 10
310982081 0
959779131 22
438884152 23
3409065614 0
2087882171 0
2337678883 10
269038570 10
1761795731 20
2083569098 14
4221525462 15
3175110191 10
2500835075 20
2651425302 11
180158757 11
597946643 12
1463025055 3
3408370487 10
2394937763 7
246985145 9
542674999 12
1488447277 15
4010702561 10
3336629905 6
3218899944 22
505319098 12
2996426823 22
1510763682 2
4181924294 1
1545050540 2
2709314519 17
1182904740 10
3867128828 6
1780837396 10
2220481901 6
3830017364 10
3900592824 10
1565986793 0
3983246735 1
259881248 20
85022899 6
497455633 2
397575166 10
1374806553 2
2007887142 17
665154302 2
3260153330 10
81543632 10
1755621346 10
3732197647 15
213635502 12
657289529 4
3289988226 2
3043453476 4
3217106245 10
3190443270 14
3345442534 1
2207668493 3
2641985811 22
902860710 1
27773850 0
54087390 12
3165473557 2
811050862 10
1213794629 0
452058320 10
2664486671 0
1769607056 3
2768703175 9
822884283 3
3576305465 0
3599006307 12
1537916043 10
983639718 10
1819584807 0
3032676971 22
704559442 10
1064941575 2
910014205 14
4126665747 22
4074715210 22
3579998187 10
792335501 10
4018635911 0
3335940989 22
1742429227 3
2593920845 6
818264432 20
2959260726 12
545774015 10
4256907399 15
166318407 3
262977318 10
1786694858 12
2988297588 2
4208805236 2
2859536510 1
1462658107 6
3774388459 10
3379760065 1
473053519 14
306145293 14
1541180960 10
4292813497 20
1429783470 11
2898888820 6
4092631499 0
842067334 6
798820774 10
268203394 10
3775088616 20
3801370915 11
623523633 11
661230780 22
2116426664 0
1852524525 10
1845316264 1
3342310209 2
3316773990 14
3812872568 0
3488014672 10
3801472160 10
994179664 20
3170628430 6
3354821166 20
544733447 14
1471161527 1
1686646172 0
1745235444 1
1822958565 22
551284278 14
1884738449 6
2460905721 11
67209006 10
1014229117 10
754357024 10
2427479620 10
2895892543 12
3779079925 10
1947746438 0
3595176966 1
1318861523 6
3122044487 14
4156280922 10
2901817072 0
1510372555 20
1814966448 11
1296947076 10
719363683 20
3597358145 6
1110442349 11
2117507536 0
3731278836 1
2753844301 10
1546117520 10
3446698293 10
3871344001 20
3791732888 12
3595369464 0
600478119 6
2622131043 1
4228159464 0
203938429 10
3896729867 14
3891247470 3
2857358034 10
15856946 6
469638913 14
2297591917 10
2966610424 10
1004921510 4
2343067034 10
2504658859 9
3309868742 0
715608168 11
3181949210 6
2350781002 10
3996290286 22
3229397681 10
2694231325 22
938211310 6
700284884 15
3906282344 1
165530670 14
2075065764 0
3222161802 12
444844677 14
1456508255 16
4078965203 10
3396984308 0
1977832258 16
2097341090 10
1398172715 14
2195403341 1
1353610463 16
2678718380 17
969312568 12
959472910 10
817679903 22
3356865396 3
4231589085 2
1712897007 0
2450758730 0
984733021 10
42936687 6
848592224 16
1537249759 3
3227492525 22
196555663 10
1723678031 10
2374493230 10
901670446 0
1148430833 11
740823697 11
1594082193 6
453909961 6
954470526 20
2946689036 21
154148714 22
2144861188 10
2207017639 14
1224767260 12
3447434261 0
1535663818 14
3485774054 10
3504988058 10
2491846432 10
1554744923 10
588360875 10
2265651836 6
3597242980 17
512889795 10
2785282984 10
113479710 10
3966430910 10
3952355182 10
359025408 11
407389876 10
1127944882 10
3059126143 19
1991800812 10
2460529204 6
150520723 6
3451405138 10
554006519 6
2409770084 14
1085948264 19
3537332069 10
2614417123 10
3363388075 10
1197982213 10
407371255 10
352215296 10
2903946339 1
2349391151 10
3883608531 10
2054129598 10
3434777858 10
2872983752 10
2845290732 10
3365046465 1
2977705726 10
3667450166 10
1006158956 10
2792705312 6
1474689419 1
117077929 10
3873634201 10
110697070 10
2036063044 10
1010952649 10
1168294176 10
1567332016 10
967467094 10
3212678775 11
644508048 19
3553678409 10
1515162806 10
856806821 6
3374701380 19
3079938151 10
3758398177 10
1530004708 12
2209546624 10
4278116321 10
2235531506 10
727160550 19
605690533 14
2626116387 6
3588526504 10
3835712980 10
4221523439 10
1167699346 19
681784216 10
3875927214 6
3138123315 10
358189630 10
2191634335 10
1431825926 6
2083725602 10
1096687289 10
3001216574 14
3828434530 6
190083541 10
3027761904 6
1294608937 10
1072994675 10
2842799138 10
2643287447 10
1800000601 14
3519356089 12
2567798294 10
2443750371 16
3586448162 10
1571864090 10
1612506904 10
3234467123 10
2577739951 11
1464752231 10
2769705934 10
2143481080 10
506947898 10
2032137015 10
3253873594 10
520065019 11
1601588749 10
3941493515 10
4267155109 10
3554208360 10
898994892 10
424446989 6
1577032392 11
2333351704 6
3442831236 10
2390017625 19
634362562 10
3355666264 10
3189046830 10
1524531545 1
436182082 19
3607244343 6
1595754995 6
778946106 12
442494068 10
1698627107 10
3605660531 10
2636916212 10
596608489 10
1089634609 10
3330916551 23
3233825708 10
3921696413 11
2030907322 10
2334852604 6
622947533 1
2677018193 6
1294028312 10
256060979 10
3429048874 10
2864144128 10
1862180754 6
2207898464 10
2822852335 10
3919820941 10
3073444054 6
2862905595 10
1854859728 10
2839005646 10
475800882 10
3352672999 10
4239874940 10
2367273309 10
276184367 10
2884340712 6
3130414108 10
3617869792 10
3834704656 10
2706702089 20
849380552 10
2662869963 6
4080039919 10
1502139940 11
1671338483 19
2535966941 10
105609265 10
1830958155 10
3753317965 10
2862696025 10
1481788267 6
1060425724 20
2970298879 10
2549570321 10
3783413402 10
3560515245 10
3943070845 10
274950013 6
2547925765 10
666188945 10
3665588287 19
789277648 10
488253820 10
3946106711 10
333043526 6
1586801382 10
1297095069 10
3238367614 10
2046777927 10
2871445888 16
1157202215 10
4046045804 10
2679951390 7
1887774439 10
1702131227 16
446027939 12
3810874963 10
1562066710 10
2084543278 10
2821452596 10
2427633329 10
3972787105 11
1795006662 10
1254351895 10
1034916295 16
1636169205 10
240652291 10
2399904692 6
2347012331 10
1821944913 15
1265598803 20
924001928 10
2165246051 12
3972631414 10
3476484217 10
4100524576 10
1432391948 10
3684249606 10
3488027784 12
2746473203 10
4122894756 7
4085908449 11
2890446536 10
2145719481 14
3385252525 10
2067367471 10
2196319976 10
718460667 10
257794680 10
1867155107 10
2276821160 6
3529776312 11
1633564940 10
1127424310 10
4192924481 10
2891759180 10
2073952785 19
625762461 6
4288513428 19
3733365808 10
2344143207 10
2191082812 6
1609406326 10
1952991030 9
757609797 10
1265218708 10
3265335186 6
1640813626 10
3164879930 10
684234135 20
228394705 6
3022716530 6
3465101086 10
2713573172 19
3653454991 10
483532833 10
842343940 10
2562003702 10
2446835713 10
64155716 6
3417122217 6
2102691674 10
164464432 6
1808690853 10
2480974885 10
2018640202 10
549015426 6
3472893163 6
704433855 10
4002074137 10
923615891 6
2852426062 10
3944167436 6
1279779152 10
2436968544 10
2995410156 10
811826708 10
2841081010 10
4201880707 10
1547034860 10
1869760471 10
1066445001 11
4007096509 12
3425433867 10
854443241 10
3568719439 15
2534430434 10
4170836986 6
497608963 10
2421231654 10
4289644500 10
3032598753 6
3301113086 12
3877737089 10
528242877 10
4141135662 6
3454830795 6
1198683284 10
1779572848 12
2155122592 10
2254646059 10
3952248902 10
2576271648 10
3928810179 10
631399797 11
3058474392 6
3649582109 10
2913614633 11
2545962982 6
3197296929 10
2674547796 10
3918240253 14
1570689961 10
2444444152 12
848945251 10
1923665763 10
3113636385 10
1719784012 10
1263325064 6
3917784529 12
1290141570 19
1691672263 10
1763208794 6
707219289 6
3199824686 10
1769529529 10
650384196 10
4050783756 10
1188982260 1
1728879334 10
982516890 10
1094117996 10
704277635 10
4225911477 10
2747884464 6
1532344315 6
3944506741 10
251997368 6
2406301643 10
268077830 14
2067350641 6
1479300245 10
142848094 6
750209876 10
1098559050 10
2127373574 19
484512045 10
659408433 10
868423813 10
3006118368 10
2100365794 6
1923651234 4
2923097466 10
2152061303 10
3862436010 10
2304087626 12
756330779 6
395916497 6
1338503418 10
3004978653 10
1166868833 6
831049847 10
2050021708 10
3596827504 10
3616510795 10
79437080 6
3795532720 6
4134495465 6
639005698 10
1389932762 4
2671381195 10
1635454035 10
349503402 6
2254979323 10
3670034391 12
2295372055 10
1788206815 10
3836547512 10
531726943 10
3074451064 10
712235614 10
2570740452 6
2656767830 10
3512938617 10
1120125659 10
1249528076 10
3753578411 10
80095216 6
1109384211 2
997449581 6
971335622 6
360289160 6
2623548535 10
2006274368 16
470200756 19
603858831 10
1875642354 10
2038928233 10
420720363 10
2724567264 10
92770796 12
2673928962 10
2101493658 10
8733103 10
2397426214 10
3610505903 6
306386886 10
359841650 10
1135328584 10
313939917 1
395222408 6
567622545 6
2505919826 10
2588339540 10
2729555425 10
189434887 10
2663379695 6
2666592000 10
105046713 10
844046367 10
1044745782 10
2310567336 6
2502995215 10
2594757881 10
2879390005 6
2533620344 12
4092420475 10
1337097411 20
1479469875 6
3097296459 10
3933084836 6
3662692545 11
1073048808 10
3532640161 10
3512353642 10
861901807 10
3359412746 6
4231085537 10
3361001149 10
3762354970 10
769931138 19
3928773078 10
2849605725 6
824890394 10
500748209 10
4151036471 19
2485758406 10
2271143964 6
3830155742 10
3633940090 1
1525563647 11
1099405579 6
3872840660 12
3353755950 10
2621211892 6
391078299 1
2948590221 10
1018508855 10
2406825855 10
572285334 6
2148854302 10
792337643 17
188821033 10
1916767312 10
3269430471 10
3440277300 11
1768381064 6
2330699061 10
1829034798 19
1964825299 10
3820781569 10
621333102 10
534491994 19
3474381391 10
925191448 10
2412776902 10
3345080798 10
445132859 10
2195801176 10
586794829 10
4112252294 10
1603692096 10
3612218753 6
3891814809 11
3162857481 10
2262819206 10
253100059 10
4001230273 6
1214903154 10
383629106 17
3458855111 14
4080748173 10
2068033368 10
949075808 12
2939386265 10
611317225 10
2945238066 10
568100073 10
2320419929 10
3341159575 10
2793679649 6
2588444997 10
2845283738 10
3924860185 10
3487648121 10
1044356522 14
1203601787 6
1795776406 10
1885155198 10
2054732423 10
3270759980 10
3813113027 10
1903346806 10
856282089 10
3716782899 10
36038839 10
2063339905 10
1336531877 10
324979905 6
709297642 10
1208863308 10
2139962560 6
3049702830 10
663340686 10
1327538000 10
2503741018 10
3291095059 10
3081652151 10
302251045 14
3761307776 10
4157210807 6
3060855449 6
2826504000 10
2871406027 6
2328105222 10
1445937686 10
4071191964 10
137725537 10
3253333293 15
1624616927 12
3852089999 10
3297820978 1
1741644568 10
193886731 11
938206887 21
2507635561 19
3060360563 21
808374759 17
1501649110 10
134611247 12
2321803090 6
2313042344 21
1998096917 15
3678462800 1
2472948681 22
368568608 12
112184686 10
1069169809 21
2500027984 20
133637795 10
1752246523 1
1687900031 20
473862110 10
3786084174 10
2414831473 1
1343487313 14
1757528929 2
1502905231 21
3635658782 10
2758495548 15
9991179 10
1821643461 1
850639091 20
1941295585 10
2451934711 20
4093024548 3
4111526365 12
1431279096 10
2992920084 12
4190147927 17
2014414561 10
3983536843 21
700968397 12
3351832845 10
2286687921 10
1489567754 10
116995925 10
2801984385 1
1834862532 1
2637718448 10
4041980952 16
520893409 16
286719008 10
4162158499 1
1017412168 8
747154154 15
1744247221 20
3450455570 6
1069034959 1
578005367 10
2571017104 10
2156450881 21
637344968 10
2476239612 17
2158529202 10
2378882325 8
696249816 2
2332635246 1
1983649897 10
1411961908 2
3232642717 10
2578271967 2
3560204405 17
1694532960 20
2432889634 15
1952810403 20
2839314904 10
416709466 2
1470336571 20
1926937119 7
591474275 12
3037611284 1
4056898216 21
3010194187 17
2747084317 15
2330392891 9
2772339623 10
1488025755 1
1362988251 10
245715417 9
1585238749 17
1045551752 12
209514720 6
3001535612 6
1215239313 3
1884735329 22
472531636 10
1932817395 1
2383124310 2
583583190 16
1221504648 21
2985175404 12
4258352756 10
3903501523 10
144907347 21
1996544035 21
1361340749 21
988314268 2
1334480025 10
2593854196 21
1403566597 20
2600611846 10
3572889525 10
671973326 6
1664580761 20
1646639613 20
3860058910 10
4023543389 10
1983172023 10
1632462349 10
346678231 12
2635294534 20
672026154 15
2383059019 20
3919843675 12
385947584 10
469013657 10
300869683 19
2341535589 7
2060713280 1
4275351607 3
2579403368 6
4148564176 20
256867944 14
2946933046 10
1081479499 1
3549316019 19
3296060082 7
1398411136 21
70218501 10
3521053470 6
1725792695 10
3015445288 12
2862376393 10
3235007348 20
557547937 9
3097675411 9
3857930711 10
1475236660 17
4049830484 10
2445639826 9
2423691708 10
236613019 9
1591652330 20
4073885650 16
3792938425 9
2473812459 10
2190247917 10
2706925172 3
3976282426 10
107666328 10
831564511 20
1776507489 17
1841828803 10
3075341908 21
4138277908 2
4011576320 10
4081111603 10
75426082 10
316889074 2
2276371811 20
1304873504 17
982908532 21
193335259 2
2946134391 19
477840147 10
3520607410 14
224829068 3
3481090032 21
2509428903 10
1756774841 10
1342440040 1
767419781 10
1436585040 2
2660882988 10
1750961391 10
1181765099 20
172455991 6
2015906266 10
1417432982 10
1572629646 6
2027607996 2
7868285 1
1721410001 10
1285402703 10
3759529292 10
1022567372 21
2726399332 12
2198696614 21
2599447397 10
3879812384 21
976974084 10
3608724964 10
2562377048 16
3508910943 3
1359713028 0
4257763221 6
5069292 9
3345734997 12
3370648137 1
3737497223 10
924379264 10
4203263799 20
2233460604 10
371858463 10
3436499835 10
2282456316 10
1653255475 7
549634603 10
3678770187 11
1216994612 10
479686449 10
2315854752 8
2907059943 10
70666626 10
3223824437 10
3294207985 10
3888301059 10
2684189305 15
4275853283 10
1258803245 1
3281412790 10
2953046392 20
2659686515 20
728263782 10
3748762121 10
2924196728 19
925321379 17
1028064453 10
1656782909 12
261100450 12
2047966680 2
1089761319 17
2845988304 19
4292594092 20
1097047241 19
4004998849 12
59717221 20
2683082523 10
1900519851 0
3252024218 10
741190056 2
3643452325 2
4089991882 12
1454720311 10
614966958 2
3488835846 10
3472499666 12
1372575856 21
1727636257 10
2949216093 12
3493404574 10
2584909338 10
2965176835 10
4285197767 15
2995627566 10
2136286048 10
2170111823 10
4057837232 10
4224058474 10
2788368416 10
102647338 20
306096524 12
3112973903 20
280578119 21
3684805313 10
4195752552 15
3154642022 12
2161306729 9
1805547605 10
1194487814 12
3725373594 10
973379367 20
3214830888 1
1469325457 10
2967939243 19
3267103053 21
4265946233 21
466529334 10
1845901624 10
2162564041 3
2985557776 10
2653034405 12
1492851320 16
2341541125 12
1148763604 10
3413341817 7
2981513978 12
2203230536 10
734952707 2
3667663634 12
3972683068 14
2623155385 10
2401461577 17
992207173 17
741955486 20
549938576 1
2659437543 10
3537184127 10
3069827530 7
3106378612 10
1109748524 21
1445774479 10
716688108 6
709268407 10
1594268438 10
2174782105 10
161716416 19
433641258 12
2180119090 12
2254940643 1
2996252938 16
1868005657 12
2215676654 1
3087359612 1
2487522647 10
3012299707 8
2870211587 12
2166942787 20
3152178496 11
3981437156 20
800185497 10
553977809 10
749710711 12
1887523977 3
234948447 12
1194938626 12
3930110258 10
569284737 10
1163905741 10
1170858524 10
1847484508 17
1719187889 2
1339279652 10
2818603253 10
2640184746 9
934011306 17
2432575261 21
1641858544 20
552068880 20
608134042 12
188196006 1
1488799175 10
1067578567 12
565298731 1
203244246 15
3898482680 12
2664514304 20
2901357313 10
2485744685 10
1760082987 10
3890058428 10
856450582 1
3622127707 10
296645242 2
1274159939 21
2618827049 10
75231765 1
4283547863 9
2779694454 20
877061410 10
4284477005 16
3236616860 22
618127150 10
3516433413 20
3136340769 2
2763908181 17
2537737630 17
3761080212 20
3467631506 2
653454045 14
3822804604 10
2507871026 10
3322739512 10
3023956381 10
483630990 1
2278847937 9
803681072 10
3246939955 15
4101596253 6
2170841505 9
1388810971 9
147305738 4
7910944 12
1440623234 1
188026291 20
3488183410 6
50470093 20
159071848 6
1070839267 10
2012932381 1
3352764558 3
3660089982 21
257942719 1
1927377149 21
1159448163 1
1562703582 10
3563267133 10
582409219 2
1807966678 2
306514089 6
1065040013 21
2755768358 1
2772302106 2
793997485 10
2023976776 10
2630362673 12
2704590319 12
624309295 3
382848364 4
3720376773 15
3561679060 20
2712646065 10
172973141 10
78400228 10
1486687454 1
3371816520 22
3828223086 12
3058416440 10
4161034234 15
3606155328 10
3332345871 20
3147697223 10
395508410 1
885391649 19
1091558431 2
2970732230 10
1973870832 17
2714039334 10
2995032259 11
3768122354 16
3408656761 12
85188000 9
50550671 10
802992201 1
1657067827 10
1467272144 1
3094341899 19
798172847 10
314841732 16
2973960659 10
1571768801 10
1490340697 12
3274854896 0
2969903485 1
1519917706 10
1513891782 6
878723871 10
45301161 12
2046521632 8
3599669834 1
2423685566 16
3693840787 10
995647617 10
4122606697 20
58960314 16
2647886281 1
980298714 22
3230046190 12
762485553 20
3443106978 12
1802037935 10
3133645778 3
550633198 2
1226646975 1
1634749816 3
981026772 16
772601352 20
1218025302 1
3419288249 10
371120380 12
155962842 17
575815247 1
4063862978 10
227554992 1
54538147 1
1667004253 1
30263186 12
3861087022 21
1123198694 10
1537706512 20
843983490 21
1008977984 21
2737908111 12
4056920008 9
2700935804 20
972432087 6
1043811562 10
3847132224 20
1926998644 1
3628151783 6
3332667973 10
348916685 15
189579918 10
662443323 10
1240333227 10
1289092066 10
3364234423 10
3537492943 10
2645180394 6
2889349561 21
322712209 10
3982405231 10
3977171567 10
1776071198 12
3321865652 10
1413684986 20
2353351868 6
491600222 17
2025253032 20
2224782182 10
3706363664 10
3508994606 1
3283925934 21
2211730557 10
1713043711 12
853437538 20
3172014625 10
511806401 10
1681239984 10
2194805820 10
774161466 10
1769009399 10
583109062 10
3215792708 1
4210820876 6
590362846 10
3482050524 1
2343659312 10
2293626435 10
1692521214 12
3030231210 6
4142637304 8
3766922419 20
3346645450 20
3405182234 10
3680267226 10
1414363457 12
3217844985 14
2140316816 10
2982466669 1
680273693 10
1239459826 10
290899779 10
191983612 2
3460624380 10
339642697 1
1275901413 2
1833225118 20
3672471752 17
1573434509 15
757814766 10
1785942615 15
1436785525 12
2586013509 10
1362270935 10
3404924859 10
862583784 10
329799742 10
99830032 9
619692092 12
963540047 10
4292943150 12
2058103559 20
2444416301 12
2524875041 16
2068629412 10
3303278301 10
3779886189 6
1315950825 10
3653730175 1
3938345461 7
2274006287 21
3945638534 10
4105006549 6
465582208 10
773383247 10
3530303702 20
3586320484 20
1253403501 10
3859234508 20
4048055128 10
3107593703 10
2389462655 22
3125182649 21
96033861 10
40858704 20
3077946598 16
3831849051 10
4019956772 12
3079421851 6
1330276481 21
4156125155 20
3606474529 19
2431142606 12
457982389 10
760523583 12
3826792859 9
550382095 12
1526406443 10
3905324796 3
3158095717 10
2630605466 6
2303004223 2
519557608 12
1512134439 2
3649739295 12
3913895305 20
3775783312 3
2619650040 8
3110118221 6
1391160309 21
708435918 10
2450708179 12
527795530 10
3817346975 17
39688776 12
4112656109 17
3362746224 1
3026105572 19
2999079282 10
3366923252 10
2600095701 19
1920718489 10
1337549581 14
2935034546 10
1570172987 21
3122919371 10
1107569136 10
1922483128 6
2345481283 19
4130114844 3
3010538163 1
3443961761 6
3548411651 6
627691162 11
969880789 19
1700090686 10
2917377026 6
2176358960 6
3954180634 6
3197771429 17
444103802 6
4173510926 6
2187731273 10
105054101 6
2395846585 6
1470205034 6
88283681 17
1362905495 9
436286079 12
248325916 1
3385190347 8
4059399380 6
3860363285 6
1736659201 11
1356140142 6
1569370154 6
1671477151 6
3928962559 11
110458323 6
1684961085 17
3780844246 10
2762451929 6
776930862 6
302131290 3
168089917 1
3254561356 6
3429484922 6
2839447138 11
3193004113 6
945973950 10
3248610698 14
728321752 19
4248202598 6
3207736222 1
3885667992 1
537841672 17
4019247592 20
1173633121 19
1973124993 6
4132872362 19
2197703663 10
1228769394 16
96385761 20
3668709516 12
4123901593 11
1271247617 1
523204830 6
2278193390 6
2248294806 11
966276649 1
2416686780 6
999870384 6
2833616205 2
3371646110 6
921569384 6
742452917 10
4002101578 0
1711245104 11
1513979860 20
2431039882 12
3317823461 10
1327069445 10
1624800527 6
1649450215 11
1448976176 6
1390206959 6
3177234303 10
810606015 17
1909975023 10
3782823037 12
2098856008 6
1578588699 6
3138327814 6
1606945432 11
2725114199 6
3190603684 6
1502229357 11
2774594904 1
2906828996 19
1058317372 6
2529002451 20
1248102284 2
2266724086 12
2671763176 6
792993044 6
2033350358 17
2004486937 11
1822329922 6
708976720 16
1124598024 11
627529625 19
4063551622 6
458395942 17
1541359451 19
2692135361 11
1898241768 11
589373648 6
4062191197 6
1578514797 6
2300299987 19
1160665232 1
980291225 1
419930234 6
957179165 17
2877956228 0
3981355025 10
4102693247 11
3368801615 2
1964420344 11
1667027598 6
3945665936 19
3693394448 6
404045518 19
3359492579 6
1016924118 6
190742859 6
2426498204 6
635961289 6
3378413765 6
2455513717 19
1095107556 19
137760192 19
10042057 10
1876188538 19
4153352491 1
2647952938 6
3237541119 19
103642099 6
750895578 6
4118765096 11
1653284654 11
472890332 12
3157973406 6
2943693261 10
198564146 6
2344661638 1
862259041 6
4050996 2
1119332299 6
2180280988 6
1586826658 6
274723191 6
1842029765 23
182288489 6
3617111069 19
2566936552 1
558076656 19
658158917 6
4029928001 1
1537010038 10
3008414064 6
220260993 6
1232283333 19
4270127798 12
753563883 11
864507318 19
1622458006 6
4278590905 6
126223990 2
1471992047 12
3946237426 19
4278170913 6
1548612991 11
783265151 1
2119601058 6
1113012776 6
3761214078 6
1202542491 1
2203412224 8
2972363927 17
3784711352 6
1235290722 16
14678016 10
2993047453 1
736947075 19
205379878 6
1751469193 17
1418151398 12
2144969700 6
4114227202 22
2440424177 6
3256874084 11
818055675 19
637569711 6
1131650577 12
3632003281 6
1586817051 6
2578706076 20
328948685 11
2990685867 16
1670372524 6
807661061 11
1490499916 6
3469048739 6
1654832933 6
3436963678 1
874485767 6
3505719818 10
2162354444 16
3976472207 6
3230303673 19
4104246038 2
3655013218 6
1529673024 20
1554408652 1
3275630581 1
2331427725 6
645160067 17
1019554447 6
658292989 6
1194692290 6
2830887536 1
3300562385 6
429603044 11
2750054008 1
1281537100 6
4274659813 12
335202628 1
824820589 1
3761962731 10
4027071388 1
1920391736 11
178039603 6
925772276 6
1288577597 11
2987041781 22
3646745098 11
4143112850 6
2880018821 6
684682696 6
1899204784 6
4160317258 2
3984812710 11
3766100249 11
888515129 6
1645196738 11
2053559991 11
2215750408 1
3745278147 11
3333830552 6
1209964362 17
219989471 6
2509269644 1
792913914 17
3899524010 6
593637432 10
2547346216 12
2206995261 6
121147089 6
3548250540 10
859351008 10
544604149 6
1302480424 2
2400319425 6
2839047600 2
2372702557 6
2910343893 6
3723617073 2
197870931 6
3097480730 6
1014759089 6
1410298084 10
3535822447 6
1215097350 6
2963929302 16
3438533166 2
1160094653 2
2000233921 17
2452834368 6
3803698445 19
4181321759 6
3282115390 6
2760734380 1
4117173684 6
883811237 6
1289619524 12
1330279890 1
1670557072 6
3452647497 3
2929959999 6
3037608043 6
2077416789 6
886366333 16
1951140316 12
750689154 6
3472040115 19
54003156 6
3378558509 17
2514980637 10
2275772636 6
2427138972 17
2647810879 6
2350198007 11
672524878 2
1992533478 6
3500455104 6
2315166141 6
3439124931 6
303724383 11
2653911653 6
3727754408 19
2882156547 6
2054094285 12
3570785435 16
3356968799 6
2888330070 17
1896937452 6
3657436201 9
2951716630 19
55643061 17
3367791607 6
2670819459 19
228169285 12
2724751671 1
4087577894 6
2820758338 6
3896362065 11
3049466894 6
2604166916 6
3655661300 6
1247749895 19
4272595686 6
4047583226 11
2599108696 17
316270215 10
206739467 6
1804460747 17
2817767063 6
1933823232 6
1869644381 6
3294411399 16
297534623 10
1098697139 11
223437320 1
1979315025 6
442379979 6
3517754437 6
4132377612 11
3542336285 19
2799315377 6
1937483830 11
2079457452 6
3800724101 6
4080202936 11
1572529776 6
2790498072 11
2131508725 2
2610706291 6
658865798 17
955682328 11
1820917010 19
391558988 6
1168589638 10
2703291813 10
263456995 10
1135046841 1
3416032943 16
720959136 10
2787409551 6
2287491731 6
1337170656 6
588442851 6
1893500733 12
600612166 6
1389408698 6
3095197602 6
2834390730 2
547548183 6
196779186 6
1290545753 20
505468079 11
573713767 19
1418476636 19
1095255818 6
2703240470 6
440480046 17
3414481859 6
1651204751 6
1116671933 6
646086980 6
2791051328 6
615366972 6
2977922313 11
1438567937 6
1110595844 6
1807313894 6
2841438233 2
221642503 10
3951968455 6
2682256862 12
608231468 6
111974899 6
2272508371 19
1661555732 11
1197079013 6
2127475531 16
605859987 6
807946954 19
4018154480 6
335621180 6
1184823050 10
1207143250 11
2311099522 6
2875310061 6
74177275 6
3005300560 6
1938857872 12
3096275081 2
3403001040 11
1596289639 17
4014372533 6
3106578364 20
18044686 6
4205024025 6
1680980360 6
991783034 6
1937376752 12
3631820300 10
3207408794 6
1813147019 11
2174961493 17
3508882486 19
1740516757 6
1752839142 6
3675605160 12
1046551981 6
3843561390 6
1513960084 12
123456775 6
3974117292 6
3110376501 6
292988648 6
1635992439 6
900597853 6
2569922355 10
2070683464 1
3325147876 11
625376916 11
2531612152 2
332667065 2
3077224956 19
2588048587 6
2812924044 11
2741862539 6
3398468475 19
3913079671 11
3337577673 19
2222973547 6
3692795086 6
795704692 6
1666920706 6
1353079512 1
3092413224 2
1696467725 6
1351824486 10
4211554381 6
3807341915 1
3805814367 6
1099645221 10
1606440284 6
3509384180 6
109006369 6
4145836673 20
63880234 6
709863254 6
745895618 6
2032837109 11
1468492796 6
3032887232 11
1364480930 6
2336523861 6
4045052693 6
1361862662 12
2927674232 11
998118685 6
2577458954 6
1233148885 6
2152243062 10
2890846374 6
594347757 11
1626994331 6
13342349 6
1182394084 12
3460269189 1
4291890905 6
1307247612 1
1924891097 17
2448807431 6
3816994574 10
3382170463 6
886573115 19
1672847332 19
537977663 6
3790237203 11
2591310299 6
3768609133 1
4016488277 11
2487258729 12
1027189038 20
2635534607 20
875682310 6
612329613 19
1997023125 11
202925466 6
1223681235 6
2632292686 17
3310754766 6
2940000152 6
3093413148 6
205630161 6
3257304375 6
4084434203 8
2838697963 6
174477195 19
2644430976 11
102847604 6
1068335861 6
609929082 1
2547617381 11
1372335854 10
2502423817 6
3382641493 19
1734865782 12
910715178 6
345729007 6
480100990 6
1847028626 2
1874037272 11
1059108550 6
2518327674 2
1481069623 1
236992069 6
3064695540 22
3379422756 6
912265757 6
266826862 19
531478223 6
2281586171 6
1464924106 11
3975003112 6
1462998799 17
2757502353 6
2890561729 6
3978788564 6
2574354128 10
1809996598 6
3981273618 16
1827831068 6
3058127881 10
392776669 11
2412323584 6
1729421292 6
2027736241 6
2020082662 1
1723047249 10
3720358657 6
868043976 12
1071622025 11
577782033 6
362809238 19
2472839672 19
3923991679 11
2604955504 12
2585384418 17
1046188078 6
2595053418 6
2822415164 6
2612112174 11
3555638853 6
1899429866 19
948796121 19
3529774307 1
3819198527 1
2106189018 6
2902745683 6
2998742584 19
1330811937 1
3602915882 17
1236145634 1
98561766 6
1064226417 6
1877816383 6
1271901487 6
1834982692 6
2639944065 6
3074280423 16
3254970274 11
3324494665 6
3361996061 6
3193547580 6
2966650932 6
45800535 6
818094864 19
152147819 2
720114233 10
1902249412 2
1481057415 6
4199024217 10
150388235 6
3708664686 6
3365292376 10
1921672393 1
892253918 11
2508385866 11
3371303427 16
2269471173 19
76834029 17
588715774 6
86768031 6
3288610220 20
4181674213 6
2518230279 12
1614527587 6
2928626128 19
2521154057 1
54400658 6
351464906 6
1862904113 6
935028075 20
934845106 11
1387303900 6
2787706012 20
3703306995 2
2740377223 10
1608776964 6
2341180344 6
1481746877 11
1162963482 11
4234528466 19
1011557679 6
1000936643 6
2573281267 6
2856980308 11
3761752823 6
2945651315 10
2284872480 12
2202804133 19
2156159498 1
799675084 6
3429836021 10
3621626688 11
1567332434 6
301975154 17
2549612174 20
1765987835 20
3946447523 20
3495186674 6
1941101523 19
1449241128 2
3962249557 11
4121464569 20
88567008 19
3826968671 20
2277001017 6
1140516828 6
1874130582 2
4089713807 11
777605126 1
756050310 1
1688643023 16
867187989 19
1582183219 6
1601616010 6
2005931898 11
1630677291 6
450267560 11
1922449823 6
465549450 6
2008101806 11
3514154837 6
4259122515 6
1845653013 6
2553318863 12
2350481829 6
3738529686 6
1499975477 19
4019316325 1
1455534365 6
3857592300 11
2416999409 17
754575828 1
2420770980 19
3718316892 6
3073872254 6
3740149623 6
657438904 6
865462723 6
4187321782 11
4266402399 6
3418094461 1
1029184816 6
4236271903 11
4140974595 6
2351039599 6
3222481243 11
2895368764 11
1470496899 19
2750003608 6
1295117412 17
2385058009 6
2510417666 19
3880087501 10
4020863832 6
3160537826 10
2859128715 1
2577890886 6
1184892084 1
1417349986 6
2479783711 12
1945728317 6
1399649308 6
1165991334 11
2598712664 1
1085621861 6
2753528805 6
4002151679 11
305542901 11
2694532636 6
2536107100 6
170253825 6
3153394618 11
606135944 6
915687839 6
749590262 1
565110620 6
3295460246 6
2005601272 19
3028657170 6
1766292168 1
1160121189 6
2996092277 11
3812782867 6
1437746367 16
3975763456 10
3182201293 6
154434829 6
345403851 1
3677628238 6
2828543487 17
71403595 6
2866800472 6
2970219472 20
34466254 6
1389736263 6
3115774212 6
1505010270 6
3829732561 6
319822499 6
1856717553 3
2367407557 12
1751023428 12
369340712 17
1028212330 0
2980873081 8
1781693701 17
4247871383 6
506569681 11
2727017912 21
781918713 6
3651228285 6
2963264792 16
382208665 10
157525088 6
1519349612 6
1810770450 6
402576030 11
2653574923 17
2707643801 6
1370049748 12
1575306183 6
647862109 6
1301144201 6
2304611005 3
1656580350 16
2435418059 6
1064246086 6
423100596 18
2192995035 11
1190388598 11
1690845452 6
990136828 6
3910060909 10
2253832175 10
2881957229 6
3913626996 6
4024621153 11
1453938833 6
751876465 1
495993234 6
3024964303 6
1293233306 11
1283367322 6
1596406928 1
1301747627 6
1664905734 19
1398480969 19
2943206145 11
472820589 16
2546226754 16
2847447358 6
2721489585 6
3701456548 20
3836211444 12
3859288700 11
2254743492 10
2290148716 6
3709827790 6
1558656159 6
1468245964 6
1260493288 6
2469701928 12
3329671324 20
3233901358 12
4047576879 6
1109388770 6
333339086 17
2181303 12
3024336168 6
2432351161 17
21157833 6
2169908774 6
1278508354 16
704090472 6
1285925312 6
1996948308 6
2806517801 6
38915749 6
3779557912 19
302182453 1
208701973 18
1886988174 16
3831371962 11
1137272502 17
1307844816 11
522928958 6
3231872579 11
3509050542 6
1031844134 6
3740368679 14
2549595061 6
627299108 19
3529793381 1
3331449230 6
3819369204 6
3725948885 6
461319586 6
1466874182 11
527525570 6
1866693800 19
1337943674 20
3716351031 1
968650034 6
415698682 1
3866644339 6
3017808521 6
2170007802 2
4262502615 6
176270660 10
2740481041 6
4035727501 6
3347673971 6
1749489641 6
1840702028 6
3064930023 11
3852766173 11
993534795 6
1943928791 11
3266007869 6
2745712650 17
2694104312 6
1869189085 2
3742132088 20
1791637860 12
567415839 12
2350524370 6
1015542030 11
3043811088 1
1378276922 6
2295161195 11
1732533392 17
41153648 11
1620429266 6
3595444292 6
686299690 6
1029855217 1
1334936325 19
757094359 11
2856214679 1
3841449068 1
1228419937 6
3747376037 19
3421682030 6
476364306 6
836766278 6
2433209663 6
1188927599 11
1281866377 6
3688523508 2
677389700 19
1289508043 11
1077197966 11
3696924563 6
4247422337 12
3733752116 11
853901762 11
406360836 6
3546370517 6
3699708905 17
2886621178 1
3662773603 6
3266085009 11
3561638111 1
2714863989 10
4213386578 6
785411058 6
436480886 6
2380310648 10
1631098083 17
163037162 6
401952663 1
3743355452 11
2194854600 6
2743776351 11
1373890217 6
4215580599 1
539433530 19
1018825067 10
1211368212 1
154263532 17
624690198 6
61398306 1
1181725846 11
3802373085 6
2537695734 6
2040085960 2
3453124718 6
444379007 10
1777581051 11
4027689188 11
2969238976 17
3666068346 6
3856404928 11
3869600810 19
3471622035 19
1511525471 6
3587794252 6
220666553 6
842213244 6
879303850 12
1099336193 1
3585627737 12
1651794872 6
3681474683 6
1091742287 19
3122819873 6
103921849 19
4294305564 19
595239809 11
715598522 11
589709625 6
4120965592 6
3748337966 19
3930877572 11
3128380315 6
680615607 11
3833520573 19
3840003111 6
3775892553 6
2560909995 11
1348073356 19
2301281381 11
2403771022 6
3981797310 10
1949575762 6
777399612 11
438016310 6
1610834311 6
3961350570 6
2825934138 19
1067501573 6
658764729 11
3879436841 6
3876232378 6
524558096 11
1014563245 6
2774008844 6
1803721503 6
867455570 6
272533213 6
263924269 6
77096729 6
4281522127 6
4242708686 11
2649888236 6
2991841281 6
3625663696 11
787205584 6
2197733869 6
2540175894 11
2703489486 6
3554814002 6
3272309181 6
1283949874 6
2966030703 11
4073464299 6
2644335983 11
3309943478 11
1668748620 6
1718957766 11
2858387911 6
2009608303 6
3320500241 6
3698865567 11
2329236916 11
550221270 6
1694843675 6
3849753718 6
2485264763 6
1867588254 11
3343225644 6
2816111902 6
2880288452 11
3513383926 6
4030932056 6
3944547797 11
3090198756 11
1815838965 6
1139186158 6
1159682931 19
3724739233 6
190739074 6
3911801274 6
3565834002 6
3760115500 11
666664344 6
1115896773 6
1312628234 6
3615432382 6
2993539229 11
844118309 11
2444994187 6
1294221565 6
1502540215 12
142878724 11
3064455083 6
2672319702 6
1959456484 11
2483877782 11
397299583 6
3965954658 6
397508892 6
3808181110 19
881780768 11
1652510545 6
2627490276 19
2189780876 20
2076639420 6
1621375832 11
3927959204 11
921703625 6
1362996190 11
1390897868 19
3011981940 11
1425449672 6
1255869263 6
763516615 6
1584003767 6
3508548545 19
2501503818 6
2324623441 6
3268494215 6
110485473 11
1376030724 6
4017980225 10
2542625332 10
1858195555 6
377664817 19
2201905859 11
2442366183 6
2605258434 6
3637790466 6
886912105 6
696031153 11
182657042 12
416683879 11
2264978401 14
1604658058 6
1195990117 6
2132333215 12
3870354504 6
1221065455 6
150231811 19
404335691 6
2575097607 6
2654854235 6
767897026 6
710285299 6
3459980747 6
2305155013 11
1976025697 6
2232145100 6
2733281340 19
583265867 11
220590791 11
3000792252 6
4218594981 6
903852140 6
2418450424 6
2396034879 6
3506767986 10
850733540 6
2049384080 19
3804079017 6
3252789863 6
3894556283 6
138378651 6
1682995665 6
3244276906 6
2524177961 6
630609820 6
1850414948 6
4283540705 6
387692592 11
863894136 1
711700116 6
4255468334 21
2369695405 6
2160700308 11
1768694969 6
1552478077 6
2056318442 19
2575672664 6
631567247 6
1918815608 6
3965098855 19
2311223304 11
4267167898 6
300499159 6
3526214345 6
1530121956 6
4089355786 11
3896869089 6
1652838936 19
1121002242 10
1617944199 6
266760609 6
604877634 11
3654854082 11
2589575301 6
2037814851 19
521287215 6
1885096886 6
3586921542 11
712064096 6
426434386 11
2541230031 10
2931023956 6
1796671835 6
186120897 6
3693106998 11
2908801147 6
2290180759 11
1267632326 19
4182135651 19
2976961677 6
3267743243 11
751043781 10
1602070880 6
1155785130 11
4291881859 11
3929505088 6
3245032148 6
1509907937 6
1035467382 19
2428825306 1
3010564661 19
1307448490 6
3611326674 6
3395856544 11
3138292790 6
1446654876 11
2553790160 11
3289952670 19
633757383 12
2819234577 6
739412200 6
3412262401 11
2426438417 6
1014560386 6
1477299831 6
1155152689 6
3028212098 11
3158493680 11
24926880 19
3914647141 6
699558076 19
1182772012 11
2271021329 11
3064012954 6
3273285086 6
700531437 11
2965848761 6
336357853 11
146628095 6
1286949985 6
2645285288 19
235850832 6
478187121 11
2462751152 6
4049471918 11
3730101094 11
2771170775 19
1481558771 6
3659947746 11
3820357410 6
3362021139 11
3129208472 19
2783255394 6
1187036619 14
101770193 16
2399727816 9
844903809 19
4189348143 6
113414323 10
2643319632 6
3785682458 9
2849501522 10
1251300818 15
2212352659 6
2912517196 6
780478542 6
1342160547 15
3991963223 6
721493071 6
3347474343 14
1807797027 19
92548389 7
1714714189 10
2442978865 10
3838624288 6
2523533933 15
3270015449 14
2284504630 6
2583143635 17
2577884187 1
2167482504 11
2741980401 9
2544203580 15
2372343873 6
2171252907 6
1113368734 6
721499718 6
1020887298 17
3008344165 6
1671092351 6
3705824666 15
2048182010 1
3319115271 15
2608827553 6
1746405548 9
1319910039 16
4062470918 6
159918522 19
366650825 7
2508245787 11
2898241025 10
692538551 6
1808616109 9
2026011643 15
2536249268 6
3433121298 1
1268978912 17
3330751490 14
3330653340 10
4219580533 15
4006178144 16
2671553218 6
500829466 15
616654984 10
3242553696 9
2278674800 10
3574364038 15
395273701 14
116740446 6
4045852930 10
3136295581 6
2729953826 9
3008471424 14
2912086612 10
1394956486 11
3488967248 10
1320696956 19
1645177548 19
1833903246 6
2600802879 15
200731621 6
1957631912 6
4215724919 15
2684576756 9
1032858313 10
2535121987 6
94631508 11
282968925 7
1477506307 6
790120178 2
1527426904 15
751979267 15
328450621 10
3065055214 10
2009663151 6
749215837 1
786822975 11
838854401 17
830805244 15
6663479 14
4060189237 6
3170875975 9
1707897921 6
54998950 6
324468098 6
2586548493 10
2065908507 6
762385428 6
1155611512 9
2754373042 19
3608849719 6
1055018665 6
1255137201 10
2265934909 15
2336761792 10
2216705041 15
1817149149 17
326849565 15
3493517460 10
647827058 10
1889931026 6
3715128295 6
3131271274 6
561401466 10
4131613629 17
474953221 16
11109966 11
3786917684 10
2110379607 17
881655401 6
2270257691 11
3455893172 6
4009213650 6
393572497 6
1843291610 11
4223186492 6
2857584172 15
4118965963 15
1767332539 10
71503415 10
1151213318 7
640093388 1
2889031793 15
1013066726 10
154322610 15
2746811864 16
2345472537 6
1688327138 7
2385578834 15
3680060734 15
4209374165 15
3019430585 6
2727476095 6
3671107171 11
908177676 6
569897382 6
2084849637 11
1233533713 11
498069081 19
3757130274 15
735932599 15
1686914332 1
4090616711 19
152929024 10
410311511 6
2813818878 15
1893181585 15
1468893280 17
3632174886 17
505763482 6
3212878202 16
2920475270 17
3154007259 20
1451382832 6
1724697691 17
3080894745 8
2002404868 12
3438729429 17
3081385727 17
3212121063 17
306067739 17
964439946 17
126845780 10
112807404 17
3429216089 9
1955636358 17
3293723199 17
3647333475 2
1120044994 16
3512374891 17
3317205130 17
922183425 17
2549094033 17
1013971295 17
1858638155 2
348587480 17
4098955264 17
222879300 17
3155592969 17
4039703847 16
693422786 17
2609776699 17
1094163751 17
3000473530 17
224505441 16
3949455681 17
2655741148 17
2235695448 2
1760970234 17
213386001 17
2497568853 17
3609166795 17
1975570180 17
134956583 17
3015735445 17
2343598505 10
317742714 17
3820687464 2
325083901 17
2622613026 17
1758612356 17
3497992091 1
1283885471 17
2324298380 16
132298690 17
3161385283 17
780492793 17
1605104938 17
2704548103 20
3647939447 16
1103858193 17
2776008118 17
1566795511 20
3825932402 17
3964940117 17
3554883526 16
2600583708 17
595163958 3
2851346135 17
3177349043 17
197120150 17
2448399762 17
2370296568 16
422124105 17
724401965 17
274276598 2
1192077266 17
3691331205 17
755700314 17
3957815584 16
1994494766 1
3135495544 17
1477360424 17
1467094960 17
2068970668 17
656411971 17
507382191 17
490780210 10
2358066591 19
1871871883 16
3901470387 17
3848239043 17
28701622 16
2221250075 17
1608915541 12
1836529460 23
1042581591 16
2947590582 17
2450304236 17
231270229 2
2131319693 17
309488287 10
1781798979 12
3563619955 17
3443462903 8
499167968 9
2019827989 17
3723766332 20
1534992851 17
2061459364 17
1067883390 10
25704698 17
2678389237 17
1831091968 17
4199253092 10
2376865288 16
612891118 17
2121312578 17
1646818902 20
1175408006 16
1005901026 17
4272586292 17
1044738511 17
4284575435 17
1075293506 17
3701306874 20
3274901528 4
895532725 20
3017513067 6
3656934739 19
3683071471 12
3041722825 6
2025298088 6
3505872515 8
577566552 2
356793053 8
583406057 6
1733185937 11
1623241248 20
3651622267 12
2094319772 11
2394614743 6
25796619 20
323886344 8
3058967420 6
2005818483 8
2034999634 22
2775890239 20
4289625176 21
2258026845 8
721466360 9
2797920187 10
1186968951 14
4141727670 17
3714531932 20
2352692517 8
3301883725 16
3630768644 12
1782075653 3
2851012109 20
2312792928 6
2548720716 9
2590841513 8
4149057681 22
902218018 17
1186227874 12
1698241469 12
3519259769 20
437373630 20
2095533134 14
1924057932 10
3405744406 6
3281837159 22
597208187 20
2131638566 6
604702026 9
2646072279 9
952784576 9
2954614058 20
3564220395 14
620556316 20
1515772278 10
2151932667 9
1213350342 6
3639577506 12
695077870 6
624599093 8
3990386830 10
1417697659 17
512326598 12
1690089881 8
1776325256 0
33506112 6
840309714 12
1913764655 6
48825860 8
341726687 10
3588665767 20
3435551258 9
453719965 6
3874411062 11
1772591710 6
322445997 8
874496791 8
2215819810 12
876628465 20
2734477202 11
1738443432 11
3872655229 12
4063998424 11
3454678963 6
2891028357 20
2391858662 9
1841173862 12
2971537981 9
37516555 10
2084030533 6
3654849520 6
745344780 20
3167048577 12
4176143850 8
298279681 6
2502072772 11
587714966 9
2367891650 8
1033484885 20
4008571536 3
1510354741 20
4079446620 9
169187148 9
3265398489 8
2414908769 9
618123000 9
803910000 11
1884662194 1
1152942651 8
4168453730 20
3941396527 12
1234319269 8
3576903380 6
3819188147 8
386334173 6
4235027358 20
1209254447 6
841370238 8
3934652454 20
2631195137 20
1966543515 1
629972845 6
4186232748 20
876689072 10
2653719494 8
1357267155 10
3612904637 4
2911825364 20
276274775 11
3233358319 19
3559827380 8
1632566429 6
4106053998 20
619000401 8
3985318558 6
1058931671 20
3620897263 20
3725090381 10
613792383 6
1542532585 17
4028435149 10
3645496260 8
754040941 20
45828782 9
4164827789 9
683749234 6
3331520124 12
40742636 2
4293033827 9
3344397836 6
3159338576 8
3168564737 20
1267969965 9
1444183604 12
4030992637 6
2312369357 10
2088208073 17
1347611988 6
1415973429 19
895196438 12
2184113611 6
2057585515 6
3144764428 20
12268755 20
2921144124 20
599972057 6
1754162567 9
2296494754 22
2016207356 6
3831267232 17
1194938491 10
4271522720 12
3550393819 6
2322470979 8
1025531719 20
2260861826 20
2600957027 20
2513600835 0
967735183 6
1847820024 11
3500352020 12
2907887556 0
201217624 8
412975571 6
2611620823 16
3273118166 6
83679240 6
1198794688 20
2759514943 20
1413085239 11
2201427612 6
3674806798 20
1866739784 9
3987708096 8
1472379817 20
3021341406 9
4083525997 8
1750971477 8
1894451289 12
1480842292 6
3099683013 20
4274613053 6
467003454 10
4073354273 4
203880656 11
2762511301 10
2401119320 20
776064225 20
2014454480 8
629330305 6
1318180412 20
2915872682 8
2135565254 17
562058317 6
1752105718 17
4236498400 20
2821627164 6
347033815 20
853494976 9
2708803986 6
1972785503 20
425598719 6
3372729177 6
1021334915 9
939102214 20
2917431370 8
211201319 6
2333440680 9
7986373 20
1731551226 10
618440573 11
2814798976 8
1673343836 20
2839672345 11
730278624 10
1363968577 9
1667208083 11
2572048775 9
2757604896 6
829172628 10
3080056574 17
1296048804 17
1534630218 12
833137393 15
2569309987 12
3927819842 6
1276332692 22
2725045783 1
147221201 8
1797232659 6
177097920 10
2372963124 11
3206133587 8
1528150695 20
2837619045 12
487383127 6
2992477105 10
2708765096 16
3171124945 9
3888224022 20
2157336344 6
4097452667 9
1772690455 12
4079124805 20
1520612519 8
3026597874 6
1293973405 16
634517463 9
1236141423 12
3943045239 0
2125649207 11
3256953227 11
987262713 10
1229065186 17
3789468966 20
2870155637 12
1353875163 8
4151444633 9
1673233075 20
2210689772 12
3378822293 6
2186274981 20
2748140248 6
1484383653 16
2728131796 1
3773222668 20
2682806429 16
523688118 22
3592220019 8
1244781055 10
1916251025 20
543807993 20
2174496945 14
1052700632 20
2955699227 6
2982389766 10
1783222376 0
2608393675 17
261180779 14
1650035966 9
2797777676 10
3107157601 9
1171487061 20
2628037428 6
434726356 9
3307275673 15
2399800350 6
3200855548 9
2748449926 12
1419053056 22
4163401304 9
3133952058 23
1333674764 20
1811749529 6
4249415172 10
1288931250 9
3478176348 8
3527468150 3
3904226958 7
2823250724 9
2135428076 9
1417560126 6
844735024 1
1734706862 20
1472308604 20
2905514912 17
1349923355 9
2244829428 6
1455284712 2
1040967661 9
1395037952 6
1503907585 22
3125239871 19
658478371 14
3511098181 6
2762542117 11
1736967099 10
1509410266 9
3749417182 20
3104270979 8
826635124 6
3656970753 20
3591382718 20
2302980240 6
2825851449 2
61943043 4
2664827052 12
3882859641 10
2249681143 8
2322949638 12
3581237523 8
4025284275 9
182556624 12
2578280772 6
2932993903 9
3101845670 16
2746365047 19
213426552 6
24010844 20
1384175771 20
1768686445 8
1312697036 6
3667805307 9
1950730009 8
256655515 6
571812030 6
1930124573 17
987964545 11
727344875 16
3921985795 10
2191746363 20
2224823853 16
1330175976 10
1965372176 9
3612021083 8
1287953729 6
1531044238 12
3551617273 8
2328722420 12
2225384985 16
1047642035 6
772947220 12
3964552928 6
1680607263 6
2067431823 20
1012588707 9
2545589646 6
2218880440 12
2546565832 8
110249085 6
3635461709 12
1769755790 12
855635510 8
2520895753 6
405599777 14
2585854253 20
4245808667 11
2351201663 9
3333534993 20
1440208026 9
403535460 8
4127739970 9
3997384880 6
3562565410 6
3022032003 17
4011034298 11
2111062964 4
3622089598 6
1220952102 16
1104900076 20
3726384061 6
79056548 9
2517932592 19
83546801 4
86786897 6
3912185779 6
3076662931 17
3502225190 10
1411971488 12
1787110152 12
3110743025 20
3347097339 20
1358708993 8
3488001626 9
82279383 6
1341954466 12
4101197432 20
2571468631 20
3021081907 6
1776924622 6
4172615063 8
1421487932 9
903562218 12
2501533570 20
3937855029 16
366914809 15
3239184610 20
854057246 11
2294859433 10
3991032607 20
77221708 10
3637269675 12
4212709756 6
3127707383 20
1877454384 12
988177180 6
2694336028 12
4207633797 10
9738852 20
1595670270 9
2907846084 4
1906418246 9
1933131460 9
1769586986 20
1099591404 9
1665108712 14
2799110676 6
2699299112 6
3007596421 20
32111140 6
1451759684 9
2715990909 6
1858455167 2
2985775789 11
1674510825 8
3953432107 6
52031249 9
84440926 12
2880285008 9
3214792940 20
2282078645 6
1314845134 8
287836618 6
518506781 20
1962296442 2
3886855392 6
2787256848 20
260406562 20
1998117482 19
3096231694 15
2957059699 19
1344797787 1
2332509863 15
2188969084 19
2619438195 1
3012672739 14
1021091723 14
2063281470 15
1242408746 15
2633898507 14
684405549 14
3773451101 10
1468487090 1
100821599 14
2026727734 1
1350996045 19
1607471021 14
2358893748 14
2730110037 15
2208934402 10
1750149286 15
1163442106 1
1372674641 1
3635874400 10
3359122726 15
1190694652 15
3691449708 8
2874452043 15
154274708 11
3538148380 12
1462680621 15
1893437220 15
4134441198 7
3501063762 19
4105003946 11
3921657087 11
1278486485 11
1808426264 1
3839731592 10
2207960556 15
3652072951 10
3357293289 11
4269814402 11
2661557667 11
3647398893 11
1593580367 1
242133692 11
3692915366 11
1103484697 19
2674155091 19
173715288 1
3960610319 7
1405933900 11
3447804396 19
2188205839 11
2987531066 11
2578053166 15
4009974777 14
923927327 0
86747207 19
2130192606 11
979549749 1
482356998 11
3375702740 11
3549605922 15
228470106 19
577031682 11
2336942204 11
1638770668 19
1619620363 15
2680109020 15
282143508 11
887429258 1
3607078183 1
2911159489 11
3345868146 10
3044698237 15
3379205131 15
965222546 19
1311667457 14
922762717 15
2330730900 11
501644241 19
2636921728 7
2647767404 15
1708039720 1
1173365633 15
2671369192 10
3138395693 7
2449363745 6
3817691079 15
3450306124 11
88492158 10
1237746417 15
2408597181 6
1988836292 15
3544370393 1
1333887910 1
547661724 15
1279500048 11
4245397993 14
385211212 11
2065272776 11
2735488839 14
577458680 15
4266731394 11
340341126 19
2610884626 15
3269984967 15
1682722618 15
3603075623 7
3518664532 1
1317444871 1
3148818367 15
2200999834 1
1793231661 15
881400400 15
1128320842 15
250020645 15
4033150942 11
945415855 15
1481994972 1
1627700166 1
3254106634 15
176748580 11
610937356 15
3260545253 6
3099432430 1
1151077962 11
3698464506 11
555515881 11
2702442192 15
794564847 11
2218789775 15
1616525970 10
2032197595 11
3989417155 1
2340545286 11
3804966096 19
1599246333 14
2215223399 10
1787738733 1
1193703304 11
538377592 11
3802917476 10
4238378343 1
2907511711 15
295825241 15
4159447045 15
656267748 15
794797877 15
2841441877 10
3583756371 1
3094159343 15
3792332621 15
2405670164 7
2985855196 11
3885914497 22
3386779527 15
326134943 23
453871347 10
2056529432 15
3069496917 14
3558427540 1
76222177 15
88497501 15
2283741503 1
1791229239 15
2208377961 1
3491656167 15
507011179 7
4234968490 10
3301385263 11
2510502256 11
2877820484 1
987833120 11
1145736750 1
43520965 15
1580310320 15
3445611457 15
2494748630 11
3747512266 1
532069678 11
2917486569 11
2818366360 19
217615207 7
3805385424 7
427322945 15
342621852 15
1864104580 7
4036148073 15
3839747515 15
1841410772 11
3152283174 15
3361550153 1
1281629511 11
3723640111 11
2847442011 1
3593804070 11
1619188748 11
1259240670 7
4011995954 1
1297857707 19
1266619562 14
3860754156 11
3626682800 15
2566942688 11
3144746602 7
202194302 11
698500487 11
978467089 15
560754266 15
2485591174 7
3306917828 11
368571322 11
1667696705 11
1188452783 1
4036229 1
37275211 11
1544846695 11
1730630274 14
837284127 15
2272012356 1
3665353086 15
2176758811 3
3538845201 11
951763198 15
208199185 15
1915622019 15
2623206702 14
430472848 15
2456286687 15
3898872533 15
3219627566 11
1303142543 15
3222221340 15
3268189050 11
154376071 19
1224724640 15
3986103875 15
2227769484 11
107885568 15
2540627769 10
1705406817 11
3013580754 11
2226696112 7
1069209642 11
1496607788 11
2165577840 1
3931214685 11
1728883680 11
2868599719 11
4001351158 15
3274741762 15
2333855835 22
459301335 11
1642849704 19
2341251648 11
1432571800 15
2540544029 1
1453336826 20
3689860260 20
2077201211 20
3720441947 11
1125451002 6
386013606 6
227215546 11
3096571368 11
1185972397 11
2257931083 11
3396302769 13
699961571 11
442266096 9
4122890746 9
2510033610 9
3557816205 11
87351425 16
2593807559 22
632260620 1
3474527909 10
2272434526 10
1199018856 11
4211396781 11
2864593710 19
1920687659 9
758041640 13
607172833 9
2873190838 13
2118525457 11
2259002737 6
4041217605 11
2485514507 9
3829363744 6
2032085336 19
266696088 9
2913251244 19
2373013507 9
4134859200 19
1025577536 9
642944934 11
3935800272 22
3371220433 8
2769329950 9
855178095 19
2912703087 9
3181155589 8
281146277 9
3256653829 9
2710090626 6
1181566272 9
349670937 9
2902829476 11
895675958 16
180065053 9
2394453306 10
1376936850 9
3803348010 22
213556001 9
1150724987 1
992218876 19
1993571540 9
1046922366 9
2627124924 11
1648814593 11
411335876 16
2786257474 9
3560134684 16
2865337563 9
1776793251 11
801833351 11
2863052619 9
4016625072 9
2370423292 9
895578137 19
977388376 8
666062322 11
572096658 8
3285953753 6
2415909134 12
4090738947 6
4024882834 11
2045686924 11
4077407239 6
137074362 19
2279352770 9
2234833731 9
3504408162 19
3905776114 11
4209998940 9
813785908 6
2273751195 16
1330126383 9
2802772844 11
2807605582 11
3860281559 9
2068355140 11
757275182 19
1077728769 9
3586749658 11
2346512352 16
3678470472 9
2854128093 16
2026038161 8
3854150291 16
3995956427 19
393885796 13
3818615309 11
2168767882 9
2208573949 16
1209506174 9
5757892 16
2081676422 9
2553092376 11
3044217495 9
1708091685 19
2310818227 9
1322153914 13
1074543321 9
1588601136 6
3970169731 16
684059522 9
2776552643 19
1726448308 11
1256669981 16
3150312437 8
1810810520 6
2207423804 9
898005642 9
3827164890 16
3432712692 19
216800088 19
3437197438 11
402491822 9
1296139617 9
4186504061 11
3876612441 9
1709632398 13
2801163970 9
3239094197 9
3713674666 9
435284987 11
1233776430 8
282906463 10
2128820362 19
2052876048 11
1842490348 9
3448052396 19
1202571733 11
3077294068 9
2626188738 16
2832667601 9
4096015044 9
81919630 9
412945980 8
34961237 22
2204466996 19
3448371567 9
2946397743 9
655136217 11
3661481259 6
3564874430 8
1186305350 8
192847118 11
1781137291 19
281231045 11
971573319 10
1723072640 9
976914680 19
1597893684 11
2721855192 16
236820918 23
1735835586 9
2147984215 11
1428804819 9
3758814054 11
3533670282 19
272742595 9
1469332333 16
754906736 9
2263126253 9
1120200304 9
1685139661 6
3244546801 9
2106409083 9
2605703715 16
3957661706 13
4100366092 9
887149049 13
3557069523 9
3952841946 9
2988017495 6
1122435453 16
3054111945 6
3661848537 6
3652517858 6
3214754712 6
635883582 9
2061920573 11
2413366890 9
1458943542 6
648033948 11
3034869730 10
974111868 6
846321480 12
842986873 6
1929547537 6
760218169 6
2018404154 6
2940596752 6
4118981992 19
4161851669 6
1985619730 11
4221035478 6
1113072180 9
2870172815 11
3956537287 11
1164128140 6
1939515218 19
2855387245 19
2834598877 19
4002356814 11
1199048712 6
1074542158 9
3325768330 6
3273992502 9
3658588880 6
2689570300 6
2364110419 6
2179799142 6
72394850 20
1600525291 11
3770950615 9
2304252362 20
3024316014 20
3556584192 11
731043460 9
598385728 10
2295532141 19
385356908 6
1836966775 9
3028535278 6
3018362126 6
154111322 11
3722769745 6
2238570795 9
1494267657 8
3860327139 6
2146315722 20
2158795969 6
4163355759 13
1948030342 6
2714680297 6
834469559 11
3282396792 10
2426215417 9
3173023261 16
2878618015 6
2378162896 6
1438885420 19
1094349040 20
137118142 6
489335365 9
1771606644 20
4078112223 6
2767485384 9
1357688965 10
3698137909 6
3667894543 9
1518602675 6
1907023502 2
2015126461 19
3455658332 6
2351059238 6
1088111165 11
277399003 9
2175700347 11
3889104065 9
4020676543 20
3517353893 6
296890543 6
866763342 16
133148467 9
1055898630 20
2463198838 19
3780528317 19
806124589 6
3017969820 19
1559052996 6
2773887226 6
2107426287 9
3438425208 6
3403041763 17
4285619703 9
202917908 16
3191342789 11
3589360055 6
2649617459 20
2754530128 6
2634557214 19
3307737290 6
1101611852 19
490840722 9
2145764244 6
158081322 16
2932225419 9
1061370371 9
581924374 10
3779706455 9
1776917597 6
1778361101 9
3501170651 9
3733948038 6
2940933299 6
2980670588 19
2698910125 20
1899345721 1
2216844738 6
3593907092 2
2711545145 9
2129578342 11
727512784 9
846657791 9
543056836 11
2274078113 11
4270357746 11
2397713665 11
2309817810 6
2452490010 16
961548438 11
2607372134 6
3751618864 9
2309889984 6
3004729605 19
2526738566 19
4148450023 6
2710397772 16
2973288072 9
2510087603 6
3316760321 6
1062351020 6
102886620 6
641937300 19
3034724664 6
1971314174 6
406326970 16
975871638 10
3458568760 19
257572601 11
3350258134 19
908805780 20
1958720828 19
3931908599 20
2575692184 9
1912171374 16
1441611437 9
3555546961 6
3962759771 9
339045433 6
4189524859 20
2115599846 12
923560717 19
1839061114 10
68304925 6
2113249756 9
1657465244 19
3258620636 6
4273163449 10
970739828 6
386765517 19
3329022941 11
2081268497 20
3401477067 6
64778842 6
3436089794 9
1398924017 6
2137990838 16
3884723371 16
2909223450 19
3937124200 6
4028493861 6
3241111210 11
1506806141 6
1717858019 19
2038311902 19
2437395795 9
3921080253 6
3766819158 6
644148719 16
1423888603 6
936368658 6
1647318737 6
380120740 6
1442202771 6
2219749205 10
3123126911 6
3028658319 6
367147425 6
558148483 6
2431860229 9
4274851580 6
1237677084 6
1230464699 11
2694255551 6
2178668646 19
2130745969 9
4001094361 19
1447555985 19
610005284 9
1028321199 6
1141446510 20
4183993033 6
1217182915 6
1762633221 6
718596411 6
3048450893 9
1828779283 19
2066989935 11
3325499731 9
3832091888 11
3987106113 6
1192577844 6
3017128046 9
320006326 19
2442722481 6
1170846552 8
3361148304 6
1354141174 11
4100135254 10
3835949455 6
897912380 9
1701354615 11
1949266144 9
303509289 6
1439926956 19
4082365407 9
3749999819 20
3252664194 6
3648982901 9
1307018801 6
3598995015 9
1967596795 17
3338381054 6
3454616430 16
4035425723 10
2866544305 10
1164556772 19
2826601757 2
3958455886 16
2520548835 20
4098461849 14
3293872648 9
4069900686 6
1486283672 2
883283313 6
655465099 9
4184848262 2
2004059324 6
3291901382 6
1577264617 9
3738996978 10
1439437389 10
475115109 16
1626337829 16
1860233907 2
311551521 10
3768166211 2
59666031 12
2358133944 16
922653328 6
1811940649 6
1563974753 20
2072045378 16
3691220406 8
1083144554 9
2763670751 10
3783311761 10
2004323373 10
419846703 2
1740811445 9
807904416 16
284565045 16
672610867 16
443514887 16
2069755321 10
3746930502 16
4038792273 2
3829207464 16
3095493255 10
180371282 16
297741276 12
4069086923 2
922067496 16
3967567587 8
622759216 19
1069465933 12
2469520108 17
1297150919 16
438979719 12
4158419672 17
4118665820 6
2753278616 16
2817743352 19
2318654445 16
2671316800 16
2226980964 2
26334559 10
3593135162 2
2696792460 17
3900045600 6
1963100224 17
1151784335 16
3204527975 19
167510987 12
531945638 17
1486864254 2
2238471871 16
111043902 1
3458742854 12
647724222 16
1428150082 10
3001114768 17
150610421 19
2014333148 17
4237531661 2
617118511 2
1835963058 17
2045875876 17
3226371211 17
2808354843 17
2672937361 19
3138200764 16
2730734822 1
6193809 17
910630509 2
1851434740 12
3526099144 17
908275567 17
2683610446 9
1317051079 23
2032895103 17
1904174376 17
2019858970 17
4182649179 17
2805106471 10
1197623847 12
3635548949 17
949689983 6
2416573560 16
3675922218 19
2033518106 2
2490081 17
1275067807 10
2859271524 3
228467466 2
1604603175 16
1308896567 17
835197274 12
1483174040 4
4102178375 20
3009771850 17
3660194212 16
2755175566 10
2593168607 6
2294695055 17
1108819695 17
888293415 6
99023343 6
992274540 17
2902668493 19
2841783152 17
1653423022 16
977687614 6
679193276 12
1436924342 10
250795459 17
2594775072 17
3932609757 16
398779855 23
633666529 9
1008424398 10
289194063 2
1414838292 2
2916734489 10
2299687779 9
2406447437 16
962731606 16
3361999168 1
908452596 16
1747639441 10
2353208149 17
2576223123 12
3312491747 16
3545268024 19
3206139218 2
254190607 1
2953067515 12
2841692116 17
1151526688 14
2689686279 19
3258754199 6
847117148 2
856654374 2
2741536292 10
2207683500 1
3182213757 10
1093111324 1
1708845442 16
1931157068 2
102894114 6
4103414598 6
2122758148 12
1323870491 10
3955364095 19
1427186181 2
3394448828 10
275353151 17
291231199 10
1784650749 12
1027646507 6
2545862747 10
482995095 10
3593120607 2
3076189184 2
3944393417 10
324394086 2
614252361 10
1524970625 10
3349910730 7
385229263 16
1178040181 20
1043444081 22
1867697116 10
3081906098 9
3313141336 6
219270653 17
551175966 10
706821527 2
1933366873 2
3025713778 19
2770088639 11
1375397043 17
4132885333 11
293565865 14
3625631329 2
1562331923 10
2413858096 10
318617556 14
693127678 2
2032513703 2
995195596 15
900666691 16
2597268897 2
3404396783 2
796790332 17
1313814695 2
371592328 16
4211167081 9
1768813391 7
106406305 1
4134878293 1
1809135809 15
4186030991 1
1712171216 1
2363606320 11
883802769 11
4185235418 19
834753700 7
2599531011 2
1902379917 1
3392802004 15
114958116 14
1384524251 1
3602906515 1
3881104733 11
3021056386 12
643777173 11
1196626714 11
2734730888 6
1094575515 19
3654492358 15
2007991956 1
2731517822 15
1081582714 15
1414506227 12
1571761537 15
2157827374 11
201806953 11
2399227516 1
320345611 6
1552722757 19
2732333550 11
2974596493 15
2718659680 1
1041698522 7
3840592490 1
2497910114 1
2496187620 7
3274101381 1
1417403872 15
4049524339 15
3036298852 15
2006465674 11
1803995091 15
202606473 19
532140955 11
2289385828 6
4217510115 14
673118291 7
4271427095 11
1060803969 21
241276551 1
2944585863 1
4087134227 10
2464413419 1
449379517 10
2160505520 10
4122270522 15
598558877 1
2213163191 0
7392319 10
483817663 11
4112082154 19
3280923577 1
2438263625 11
3771826517 11
512053756 11
549905960 15
3094590056 0
3324001035 11
387164004 1
2546427784 7
1070953094 0
1379101996 6
1058263801 15
2482548215 11
3789718215 19
762454394 22
2347898463 11
4088960298 1
2946203291 19
1768971950 0
1819020214 10
1029259985 11
1017926598 11
1984530209 19
317443076 11
2892451747 19
2202001039 1
101406923 6
516484867 15
1941465500 15
2312161488 11
3191957127 10
1934686137 15
3306457650 11
4173704475 12
2313660182 11
3977894017 11
2286648101 6
4061187834 11
4181686485 1
570937342 10
2726325159 2
1710895254 1
363463018 19
2839800385 11
2046761092 7
2208211844 19
66847514 7
2313126927 7
2040175137 19
2351991525 7
3256498430 6
2991713435 19
2357044279 11
1825208835 6
3994310669 0
4089459948 15
2298518821 7
3683434397 15
2903286177 11
46488871 12
3464767708 15
819685829 10
3776324101 15
4173796470 15
741989263 15
1515891806 7
1600589949 7
3708689999 1
155476713 11
3961384538 15
3945439290 14
3517075102 15
1561254783 7
1928858137 11
1841082955 19
1998051817 7
3889663978 11
472222122 19
1011633175 7
898126698 1
2967288406 15
2622839912 7
3655736820 1
1186499560 1
1426785157 15
1604128840 0
3490517127 15
1162292517 6
1501570037 11
774609863 19
3551592453 19
2841876495 12
135198403 10
1618770057 14
2658979310 11
3971037004 19
2738385767 1
3314808828 15
4171757873 19
1455924884 11
2598574472 10
3655812963 12
3133592670 6
631202363 12
1927948620 11
1423238587 1
300678089 12
3531014931 12
1194686478 12
294824097 1
1921752487 10
253549127 12
2756812774 6
494224384 12
4272317893 16
2172626413 12
1552431454 12
2770413093 1
4151778805 12
1392161037 12
50566874 12
3557648565 12
3105802122 10
2714545391 11
4118582521 1
3301531300 2
2018354131 12
3655052948 12
3094069227 10
2859847333 6
3992723521 10
1488804474 12
2339991386 12
3408776740 6
3636413157 12
679572880 12
1477549857 12
1176800900 19
3359501633 2
3057778202 12
879631333 12
1719831804 6
1715525420 15
3497137228 19
2291864784 19
1815872704 19
1237355393 19
2111460134 19
801350774 1
1946441949 19
878961530 11
3901994859 11
1790589847 15
1290467784 19
1876314500 7
1910607232 1
1856824434 1
743376000 15
214645202 11
4051845119 11
3209772616 1
3170152459 11
2328055194 15
1306093090 1
3907253900 1
1974644477 1
3866773258 1
488074685 1
3304676488 11
1570826967 11
1533216774 14
630517318 1
3471438055 15
4202621421 10
3520265624 10
1896084404 14
3994162379 14
399253442 14
1418535478 7
243296201 14
1748581674 22
1737020764 1
2544568450 4
2014820129 6
3162263411 6
1273891184 4
1093582558 4
1776045017 4
