1262063359 10
2497718038 6
1866594661 6
3143903310 6
828972663 12
2051259156 1
4289840177 1
1144466483 1
1615518257 6
1367792978 3
1051535936 7
1120210954 7
3693888958 1
2609300251 10
932050504 10
1373637913 20
2338905994 10
2642091672 6
2272118168 6
3772601101 0
2849008803 15
2331276641 10
3561903046 6
3603351524 3
945693657 3
3944615203 11
506343293 10
1651825108 3
2419400932 23
3668327981 20
362131759 17
1872470832 10
828026389 20
1530582417 10
720949954 10
2062439393 14
790467937 14
1348352100 10
1969246820 10
1299061381 14
116204572 0
3844230889 6
2815222178 0
8211739 1
2826923222 0
3915691208 1
4009457647 0
1261875499 11
2314981854 10
646573957 6
529493304 8
190137940 19
3055731999 19
255467331 0
967673760 0
3747089493 16
423107809 2
3670679747 0
394407692 10
3543926699 19
2067149373 22
1601230684 19
3731069221 22
2460212866 10
1482552182 6
3060152698 11
2789464858 11
2283182014 6
3211951756 0
3523625760 0
2701193225 10
937508961 0
2406614453 0
1722183416 1
4000242327 14
197744310 11
4082846805 2
164264780 16
262791005 10
19074194 1
409058604 10
1017631432 10
4048864873 10
2163313952 10
1195692106 20
1883524287 22
3335404468 22
26168333 10
2604450342 19
1989033623 10
409983760 3
4000416643 3
4208050552 22
417591188 0
1143026483 22
152071987 10
3674120241 11
1890739013 6
2835506258 8
390708108 0
1776329180 10
2044669843 10
3641011373 22
396896733 1
2932240893 10
1946560611 10
3825253029 1
3968467460 10
1455476619 12
24124748 10
3977649069 12
3099710596 10
3851916304 0
3321201007 0
3056007542 11
3291111190 3
3855498781 3
1328937360 0
2074045530 0
1462773255 6
3597114642 6
874959733 6
2954778162 6
2664378354 10
4040955472 6
2237291549 10
1454844368 20
2717688955 20
433030790 3
3759880131 2
234841569 12
2468284529 6
2277234390 10
2636555707 14
2285817594 20
3523477901 9
3339856340 16
1622197441 11
3695039419 0
2670586930 10
872148246 0
2447797976 6
1815226504 6
460367261 0
3910722948 6
2954571460 10
1585612992 10
3610550217 7
4258043886 11
1039601285 10
1796723093 10
1799315869 14
3656497519 10
4266540839 11
969471154 11
1986762241 20
3443640343 6
271910634 0
152427565 10
81600019 7
4086391365 1
4164597121 14
3935199783 10
1850930681 10
1637200318 3
2927582228 3
2167699496 6
4206369041 1
601549247 20
3071142117 0
706245197 10
1379585119 10
421184262 10
3583045348 0
655771778 18
3597878978 11
1492116042 10
1985682780 12
186647908 12
955707397 10
1859067156 20
388057262 12
3643064987 22
1002739398 10
3015410321 0
3513500599 12
130721352 14
4153917592 10
767048166 14
2918517061 3
2023874165 3
3210637697 11
773700854 0
503324186 3
341797199 2
1854653676 11
67702176 21
3481572546 19
1487189573 11
4116557535 0
2808522752 10
636706505 4
4090819444 15
162891728 7
2626715120 22
963798901 7
3943321759 10
4073053823 15
4205107217 10
2114170522 6
2957549357 10
2791834715 10
4072959502 10
2479437286 10
3434458158 11
1712074562 2
475414780 11
567903131 2
3174729091 3
646357969 2
617522137 10
2899203076 3
745751873 0
1878497972 0
3891668032 20
1775158646 10
397726225 0
1279778269 0
67964348 10
3542258020 11
2271946518 0
1530697420 0
1582203527 10
3654319798 10
2608069597 20
148210198 10
1607774759 2
1106288340 6
1985882269 1
2442145750 10
1365446927 10
3174305253 14
586471196 1
3967965436 15
1562447490 14
3183498789 22
2210400216 10
813958060 10
2752483362 11
429252320 0
1717289979 10
311004434 3
4174685807 1
3374157533 20
3350227117 10
2085826535 14
536486355 2
2031912289 6
380050906 6
2615589080 6
1590072578 6
803172505 6
3102310842 3
980098318 6
1830183745 6
2699778254 0
1020862584 6
930742924 0
1095116635 6
4235048563 2
1676238284 11
3268332497 1
3229453803 10
270515806 10
911590848 1
2803109747 10
215036451 10
1887643131 11
3558908534 3
3963074130 10
2630949716 12
1965752796 10
3246309452 12
3001566703 10
1826148124 10
2169965695 22
2083321682 12
776210628 10
2828817449 0
718624407 0
567687581 10
545381882 3
712748623 11
968906210 10
3338711251 2
355753462 0
2959480878 14
4278609110 10
2987116615 10
3495533745 6
2586499051 10
120470972 10
3771135894 10
4193513391 10
690465554 9
1537559135 10
3085088495 11
4193297895 6
567988372 17
4180256337 11
3819618352 15
1427474800 0
3672587136 17
4065436828 3
510887309 11
4142846766 10
838859384 19
845817145 0
3780324296 3
3498176529 7
4272730966 10
1410657533 2
3339937951 10
2900438422 2
1088067695 0
3048930796 10
204017752 10
2330604918 22
732206654 20
1516357464 11
1237444204 9
3837148257 1
377974719 23
1368651088 10
2501851988 6
502155128 20
2544265508 21
2487353314 10
548334699 0
3991009781 10
1048004553 6
3922292161 6
182187735 6
3854576231 14
2648390672 10
518456396 10
716519895 6
2932613951 10
4076720422 4
1913845960 10
1941149208 14
3738951740 10
1185208238 10
365715918 2
2801287208 10
2012291013 10
2728783413 0
2690403268 0
2584749212 10
2131654276 16
642910441 2
3033494062 2
3404808519 3
329836529 12
1383998161 7
1201948746 7
2245596 0
2336031551 0
2449150736 22
2348817311 10
3958134150 3
4166836547 3
2896809203 10
699267316 6
3085978252 0
1478045341 0
3439454645 20
2067627100 20
520478164 10
3133845471 6
2262327005 1
403835423 10
2845872165 0
3614816447 14
2658620863 1
873005385 14
2560456311 0
3435383539 6
309958674 10
280127867 15
2411689615 2
3235343211 10
1818579712 11
3423582149 1
3286717083 14
3570300301 16
28037105 10
404044402 6
1608653899 10
1702050202 16
591736589 16
502544906 16
2871330636 16
1138790292 11
1744717204 0
2878705596 0
111869248 1
1832594930 20
3943424504 20
1850852067 12
4282242219 2
3301241088 1
440770377 10
1978754492 6
505729044 4
186827729 1
238590278 6
3804418826 6
3612792917 4
3250486334 10
856026692 11
1057768978 20
978948799 20
465059601 16
2416077215 14
1258981026 17
2403941183 0
2314454355 2
2526019310 1
101827878 2
152149590 10
1683081786 0
271135736 10
3749521579 6
4195912366 14
3698973826 2
782591035 22
917472105 10
2987073383 10
3261305299 1
2320334127 23
1830507129 11
2792889402 23
2297445852 14
1435113382 1
1195723233 10
382625419 3
1585347250 11
3957052291 0
1197798921 10
4230046641 10
1966883095 0
3820664114 11
1490745284 16
546638714 8
803644449 1
3585522709 0
3023492007 10
3053096682 17
3174696632 6
2264521840 2
2588394827 14
3380543796 12
1479079348 10
1411170342 0
3207979712 0
185089979 16
3141852139 10
235999865 6
3511537049 10
1995977359 6
731205120 10
3867131573 14
301719887 10
863677357 10
390725259 0
246022367 0
2922241166 3
2228097893 12
2916774603 12
3177616422 14
2909066317 12
1234078027 12
2355686101 0
789672965 11
1509547438 0
2616104196 3
3531867167 22
2254891492 1
3153317014 11
3011774780 0
3060614791 17
3812668927 12
1568112724 10
2317130921 0
1908507323 0
3368004379 21
3192601228 22
2032561256 1
50307388 10
1211893571 3
3305731845 22
2023601543 0
2575978311 2
784569155 10
1895206086 0
4277481913 11
1412024149 14
1366110211 10
1893911498 14
1707618426 0
1388007569 10
1402541910 14
4177288399 15
1740503772 10
4287361035 11
4016863888 10
3087448333 10
1527650188 1
1984049701 1
928251219 10
3493867507 10
2547183189 6
1807666618 19
2840744434 10
2925618892 1
3473668472 10
697617239 10
1551886608 6
249311043 10
1822206218 10
3006279498 10
3617193473 10
162492090 10
2433295865 6
3525479658 10
4219943505 10
4154217041 6
578982384 10
2513213529 10
3959828075 6
207249527 19
404172328 6
1313042662 10
1173188098 10
3081885833 10
339051417 10
2935942058 19
2074646225 10
3129171393 10
4021689201 10
1916994723 19
2846773960 10
2016628082 6
1128976652 6
2520238220 10
3507048941 10
472419132 6
440183856 10
2140605203 10
3540434859 11
2714363635 9
3342315138 10
2193197474 10
1134835730 10
1373436525 10
4282356716 10
3258019218 6
1071138976 10
674707879 6
653305886 10
1109576354 10
3978585000 19
1778342535 10
326925005 20
2354788962 10
2499153621 10
1002016801 10
4046226111 6
3930799010 6
3807794636 10
3640175673 6
2928197308 6
2635091441 10
2136573435 10
3833373120 10
2580311081 9
1721969710 10
3878336820 9
1893830687 9
1242649409 10
2606515607 10
810604903 6
3579278412 19
1063664769 10
4134058694 10
34909697 6
3435161721 6
2819988859 10
2166123408 10
285598719 17
1244125932 10
3726607419 10
2605824182 10
1780381055 15
2735557194 10
3939764096 10
3141533204 10
1890204485 3
2020996665 10
1730633288 11
1462909481 10
1254685294 16
2526636648 10
1749517924 0
854456618 10
3804540951 10
3731756510 10
3808090039 15
2314528714 1
1578373331 10
2708587821 6
2581087862 10
3909055724 10
2866459320 10
1434962180 19
1083458807 10
1289874969 10
3552107796 11
2823359476 10
2478451911 11
1048497401 10
622340080 10
1826914140 6
659827514 6
2003139996 12
4098050133 11
51705367 6
1258156461 6
1965769573 12
3410758085 19
1201440580 11
3944699143 10
4129002758 10
250513946 10
1398247608 10
4132335798 19
2051489652 10
2948229450 6
2261567584 11
3139505610 6
1146376844 10
3413716060 10
905960610 12
2012801151 9
2849581769 10
1301768033 10
2648446991 12
498441425 6
3339868710 12
3110436580 6
2911908091 10
476634926 10
3758142368 10
3935533226 6
1468822050 10
643317051 10
1008026099 19
530561371 10
1361675314 10
2475310139 10
1062865873 10
4077065853 10
4059004237 6
294749430 10
2470042336 6
4277781466 10
3649943260 10
3535610852 10
2618351894 10
2988875692 6
2815840896 10
4114682042 1
2666288179 10
3497509059 10
2413838282 10
1057856937 6
1344127111 11
3032228595 6
4028644513 6
3326621832 16
669194842 10
4175109230 11
3536112812 6
2905628128 10
1817888059 10
691058844 10
449601237 10
1531568359 10
1755306255 10
3407391896 10
2226659684 10
954910379 10
586514833 10
2344724563 10
3975732611 10
508351291 10
1008865634 19
204260699 10
1625814840 6
3844329113 10
3368252256 10
373593747 6
842752119 10
4264986628 10
1540090484 10
2329003879 10
144972317 10
669825470 0
4023976635 10
484376167 0
573743883 10
91292537 15
2034921157 10
983403440 6
192962943 10
1985760172 6
717075912 16
3316292077 16
1662633323 16
3352309115 6
1063001282 10
362020810 10
1215891141 10
1219016598 6
849671924 10
3772397857 14
3134245381 20
2175904958 10
4259991169 6
443880637 10
2530458513 10
2597048343 11
2896460333 10
3581949236 10
425050975 10
2276567526 10
1621911569 14
4168035826 10
465472357 10
1111234116 12
3227726610 10
1018276095 10
3076223409 10
3251267301 6
783424938 10
1828780440 10
2278710771 10
735058997 10
927593006 10
1870406467 6
2528505038 6
3954244970 10
2902025306 10
1780511294 10
1702021722 10
2393900140 10
3557295820 6
3039499780 10
3609052679 6
2183203933 1
1442132446 10
3623624864 20
2710795501 10
2075604861 1
3241429230 10
532081533 10
1382658819 11
493684035 10
1724875462 6
1480426047 10
2313063959 10
3884722223 10
1954871691 6
3108883333 10
1161096989 10
1115018504 10
2769086117 10
2573538718 11
1193218157 10
3674639192 10
762772044 20
1867116876 6
144080998 10
3704121749 6
2920580663 10
2122869825 10
589096762 10
3912644911 10
3835398272 10
1412113924 6
895465715 6
375969959 10
2843289803 6
1156281497 10
2180493309 10
282253653 10
2525396546 12
3615369077 20
2636462097 10
579779347 10
1547263152 10
1158585789 10
313147259 10
2115555297 6
4133488528 10
1030557077 11
3887738887 20
2233174830 6
3839952277 10
1688835047 10
2632833426 14
1959739719 6
2312328178 6
2013591564 10
2708433939 10
3459917003 10
4090933691 10
4071273195 10
3482877948 14
760974202 14
2110417160 10
2833906515 10
1190376585 6
1832068839 10
2472226021 3
2988091113 6
2150201589 11
285443899 12
3154321095 10
2923140493 10
1941741312 10
2361277962 10
2744763808 10
1395987525 10
2053176339 6
1320966484 10
298407212 12
2025708493 10
2519515734 6
543603928 6
3939916414 6
1899298688 17
2772299895 6
1678350161 10
2600844675 19
3036075725 14
3597199515 10
1894854424 10
2055017830 10
3033428463 10
3959196922 10
3359599614 10
846437281 6
1468632001 11
1038835916 10
204609704 10
4101115351 10
3852750087 12
3807297484 20
3964260594 10
1834163410 10
557885137 10
3439471560 12
1316225236 10
1425854063 10
1829096122 14
2594686561 10
275502826 10
3849501032 11
3514806619 0
4057746453 6
1969129306 6
3792748401 10
1990943052 10
1132927609 10
1659247365 6
3490272721 10
2005866420 6
1692695930 19
3850457095 10
1043385908 6
288010543 14
3904010882 10
3789299615 20
2083771769 10
2004551205 10
2238381831 1
2479321722 10
3307810524 15
3012167550 19
3950793021 10
1588521195 10
2506611751 10
2072537406 1
1373413354 10
2547555440 1
1867325474 10
515216097 10
1561876383 10
268608278 20
3620275558 16
2438664527 16
2438510633 6
2785846696 10
2333710921 12
134536843 12
1771725161 6
1305917650 6
4206703115 10
2521530731 10
3689355129 10
4225125992 10
2155083027 19
3196927539 14
3995465072 14
2639448542 10
2752268721 14
3190956979 10
4167738649 14
3160491588 10
1793896892 6
2579766659 10
4284629210 10
3163181892 10
1453456180 10
2782625468 10
2929345897 10
2423820803 10
4148519642 6
706453512 10
3612235071 10
2606901827 10
318250517 6
4262733670 16
3806917951 10
2505697751 10
390228537 6
2296462229 19
2610392777 1
2750297535 6
682434778 6
3433483147 10
706355079 10
2772553400 10
3567816530 15
4067158392 15
4249987039 12
806007856 2
278836934 10
426834367 10
2556506122 20
3222518215 11
3783379184 3
1444463461 21
3853093388 10
3028570746 6
1801060527 10
2121572211 10
238429300 10
2741764377 10
1801325173 1
1567761621 10
2222644057 2
72067314 10
4137704876 1
1691576374 10
3756184893 1
344526759 20
3270720932 12
3011479989 10
2339362679 3
1757286195 12
4229679480 10
3434770666 3
1469290246 10
323392760 7
2783568347 1
587831621 10
3171729079 14
3570557105 10
2999039983 6
3035288656 1
890243210 12
3537843787 11
55759124 10
3073706113 8
568039572 10
3428008439 1
901166250 6
3344099865 12
2069183026 10
920338941 20
2133297183 10
4086223884 10
2974262124 10
3721070175 20
3070456212 10
1499198796 10
2890641181 8
3109759205 1
350071308 1
3713529762 10
287143013 10
3141337766 3
764573816 10
4155570895 20
2153562492 10
550922188 10
485749819 1
929294117 10
249671640 10
62326945 3
562148548 19
3864567185 10
4160406928 10
1825596749 10
2181756168 20
457989663 10
1850417426 10
216039816 10
1510076252 16
2181567381 6
2602594597 10
2834554434 10
235925500 10
3363837666 8
2380537823 12
1747404475 12
2970582943 10
2731981057 6
3936610522 1
251711825 12
113017757 8
2792627702 21
1103728482 10
1417893599 17
1319170368 1
939239457 2
666540160 2
3371764098 10
3683965469 20
3541439371 12
4106633968 14
4165893589 10
2704168162 1
1672322378 10
1192147977 10
2200081372 10
1488048179 10
159162915 10
58285004 10
1308240131 21
1869184004 19
202998104 10
3656158868 10
1859144380 19
4240224436 20
4161989455 1
3803312439 15
715880835 6
2854165416 1
4023009076 3
609789774 21
398330392 10
856847136 20
2416878049 12
2613802300 12
618586768 10
259028912 12
971797234 21
3970665489 2
1135787090 1
2141549157 10
998644039 19
2143119583 12
161492340 10
3051743872 6
1827836285 21
2898731268 10
2860491764 10
326286563 12
2213047766 9
331912190 10
2108657934 9
3646479043 20
3673705225 1
1124336206 10
990367470 0
4113697118 21
1594183021 9
3050174995 21
1222379069 12
1153083447 19
1090828043 19
2310931904 10
2459498345 10
2120687377 1
990134120 16
3124796841 1
38377893 6
4199774622 11
407502266 20
4128502368 10
4287493745 1
2884830774 1
1366646404 10
2516149430 20
2054414622 6
2962573767 10
3610109249 6
3922185864 10
207300393 15
1248715262 14
3972234972 10
3424094268 10
2089675961 10
3203236789 10
775877264 10
1350572102 10
932895954 10
2462679162 1
2791792153 21
1076450684 10
4233728370 10
2187605424 10
1309242658 10
1494749285 10
3495753039 10
3660414214 10
3449658796 15
1871080596 20
1565430935 1
2003222759 21
1830739948 1
1030355278 6
2024121980 1
1197708724 1
3120787869 18
1353017213 1
2069903558 6
308423548 12
3506893669 20
3881182105 10
797935282 12
3693386468 10
1245426669 17
3142779949 18
1873534717 12
626857712 4
246206441 9
3831816207 16
2284438411 6
3217309256 11
52360761 20
1989210553 21
406756775 1
1838740890 6
3479378612 12
1562479511 20
615384562 2
2506189990 2
1242295111 21
3728760874 1
1073109531 10
1911674251 10
3567513380 3
1433595716 10
1794994756 17
341646295 10
4131930 10
138696532 10
432939910 20
674786842 6
3155811282 20
1264144960 10
979483542 10
2526584584 12
3876301108 1
1653233701 22
529124229 10
1605567329 21
3170248913 22
2638690757 10
3629152136 12
983924740 10
413152889 1
3209941903 10
1733923987 10
153443378 2
2572064682 3
2590771018 10
64366012 17
3174870044 10
4109701685 20
1728391337 20
3647046525 1
2508699169 10
3560513525 16
1771178225 20
3017373268 10
2362894122 10
1064939781 1
3517664028 20
2994602580 10
1829310417 12
143118596 10
493346292 2
996541946 10
2797713093 10
4186160485 10
2296190274 10
454819317 10
2429694268 3
147959275 20
3604849171 12
1570187117 6
1538488533 11
3032960900 23
792795456 10
322842186 10
3292718237 14
4135993688 1
315761952 14
1369428282 11
1986029787 20
1047008459 10
2991382402 12
4272008897 10
794290425 16
2567089852 9
2293443207 9
4020218418 20
45334237 10
1752649528 6
4096747219 19
1572445260 10
3350723184 10
4272347442 16
2593897943 6
2029930304 6
3239031191 10
596568224 1
1754849110 1
1623443917 10
3283552733 6
4277611896 10
3442256927 1
3094535175 10
56901720 10
1580952329 10
1716877105 20
158781206 10
2026037364 21
2671012699 10
1855658873 10
3865919013 3
482860535 10
286563798 10
2883480381 10
1145149544 10
911803444 10
827164080 20
392797563 10
3162706246 15
3513765415 2
97503762 10
1045588349 21
1543624294 20
2234115229 11
1956897695 10
2990698200 20
1615046097 10
2955494929 1
245847526 12
2478686464 10
1300462079 6
3588967562 12
3028222352 20
353246256 10
3496723422 16
1614728306 9
1886715895 11
1837475904 1
1540352672 21
2098947616 9
1532587049 19
1287113339 1
1052275505 10
2986969619 12
4225411768 1
1379053485 7
976860515 12
3087128481 14
740736541 10
1476889501 14
453130681 1
167408365 21
4012332499 21
1007579263 17
4112733497 20
1053742277 12
4110379404 21
3062192784 10
4124247031 10
1886086530 1
2960146494 17
3037744136 10
3400702844 12
1893350052 10
2000700429 10
2172969842 1
4019858244 12
1541739469 21
764835364 20
1895036354 10
1987980503 12
4273498115 11
894839465 2
2418245406 20
3329451340 16
2376766386 12
1186193582 21
1626235044 1
2727433586 15
761408025 20
4229752446 16
3469238348 10
249409060 10
1763620763 12
1629706258 12
4036404858 12
1354662429 15
972136411 1
2323975578 12
2420210904 3
3547699952 20
487874328 6
3555445882 6
4138886440 21
2591300755 10
1436876712 10
2752939416 10
1334815036 6
866312686 21
755054390 10
3398945582 3
2527331273 12
2973873336 10
1835658975 20
2348042432 10
1062603642 16
1586174348 16
3260679948 10
37148441 10
4121148380 12
2617466415 10
3603209003 16
1789129641 1
4034568263 20
144306577 20
3202759529 21
1007822982 10
2008562723 9
3831436580 16
3922048017 11
658147276 9
1896417026 16
1330401935 10
213592565 10
788186007 15
1295316368 15
3002340051 10
1726789885 20
2809405900 21
2563467398 10
3912900271 10
3270800530 20
2718706186 6
757564033 6
1727496701 10
1484202892 3
415306179 10
2960256 10
907871668 10
3680438058 6
2395610824 21
3234978167 10
3392415933 20
2395057470 16
1100004287 6
1671751714 9
664994207 21
1908762465 10
927060728 16
3593839399 10
766910890 21
3506965384 1
2181355154 21
1506031324 10
2396726896 10
980768571 23
1129098682 1
367087453 21
1364733109 21
843780519 15
4181951835 6
168522168 10
2216534145 1
2557933470 10
2775579709 20
3132338749 10
1938247308 10
4246369833 10
565294555 9
517642848 2
2598615479 10
3308746791 3
1896399075 2
4268264552 21
970509921 6
4075870137 1
4085653398 10
3513138512 1
577947433 8
3564291882 20
2186183526 10
3343456762 10
1325278874 10
1423260160 12
1587767461 17
2600480250 1
2830244696 10
1730742406 6
4101382415 12
3781229913 6
3907132188 10
1856416292 1
4160125099 12
1493325772 20
3744499982 10
4026546970 3
521479424 12
1718160794 12
1144104511 1
3589868677 1
3023777020 1
531470943 10
3543431784 3
1126349606 10
2120914917 10
685662221 17
2000747193 21
4056219060 10
2703672370 10
2894569680 1
1560030177 10
1711199369 21
1086824568 12
2367042222 2
1081323849 12
1029536640 10
3701267868 20
1775899245 17
1820800656 12
3929275475 1
1278331629 10
3030392915 10
2605150041 10
2211434499 10
1306137388 10
4090237685 10
3115725933 10
3555453282 10
304166836 2
641694620 2
1394277958 2
391602720 17
2356224974 1
3041466293 6
3241237710 6
3155305161 1
2281721044 2
946614371 1
348478000 20
1856687560 11
2536438411 6
1512374046 11
3020788614 6
2614494418 16
257902820 11
2336379261 6
3098949741 6
1613577805 6
1599433302 6
2403195895 12
3251667955 1
1751572240 20
2885241284 17
2279283034 6
581288280 6
3331096835 6
2813283373 6
2057637772 6
850560692 19
59784078 6
3228963284 6
3197357035 6
710092818 6
2427046714 6
3920108413 6
4111547746 6
2431739412 6
2157229196 6
2452393404 6
209300594 6
1378310795 6
671643695 19
1557577428 6
3282444824 12
649732281 19
2851523353 19
4203390696 11
3997154829 6
3159819402 6
492051888 6
3964326789 6
798884878 6
20676562 6
3270400638 6
90853907 12
1964222745 22
139592899 10
1402541956 17
3448270089 6
176332748 19
2301715663 17
2328494377 6
431591531 6
1245861989 11
431912168 11
2035329288 11
2915694431 10
89704339 6
1858298696 6
1240326835 11
1057689031 11
2691142937 6
1360789429 6
3674341814 6
1055788221 6
1281811640 6
986038607 11
3793512468 11
1217382500 11
4098809273 20
2256948057 11
3433580282 11
1595730111 6
960956044 2
1048127502 1
4198584969 6
1438770695 6
1268309615 20
758022017 10
69532763 2
2312091675 1
1050320566 11
432013805 17
444315606 20
3208647167 20
240404391 1
1193165462 6
1054841732 11
378345287 10
3904545768 6
2207892786 11
174294561 19
2565521181 6
2252042180 11
1201580874 6
2533195601 6
70469026 11
3441153714 6
1223536644 6
372894682 6
825086503 19
3790769780 1
1936436840 10
1244571627 6
3969450907 10
683169793 19
614377250 6
3741835496 6
4161247151 11
301459378 12
2386077589 17
3785172792 19
3312019992 19
1007530360 9
2170768158 19
2688440060 12
3777769091 22
1733756978 6
1820150665 6
1213300895 6
385512256 6
871903544 6
2882489236 11
522326094 6
2091349473 6
1518411470 1
4027138755 6
1324458762 6
1152177591 20
1268853071 6
2881144014 6
1530518831 11
3023286702 6
1598627762 20
476526044 6
1979440660 1
792076106 19
333730733 11
3057637107 6
3006409236 6
1393712096 17
2531281699 11
2159647507 11
1429764873 2
827935743 17
30916217 19
3518960652 11
3816165230 12
2681831018 19
463938909 11
704888918 6
2625223291 6
4246096537 6
4066280939 6
2845713286 6
2907087082 6
2748253219 6
1661201175 6
134956582 6
3231793741 19
572687187 11
12963368 6
1985538265 6
3075848766 6
1269666688 1
434207057 12
2410071085 6
1901227272 19
1795429081 6
1009063983 6
4168362425 6
3573271908 19
327580593 19
3128106566 6
3473009447 6
1558784310 6
171009778 6
1893629569 19
2245072497 6
2852947297 11
796722248 16
72045605 19
478565513 6
1408257563 6
2330564678 6
3928048044 6
4226509437 3
160636066 19
2814228887 1
1262135710 1
1660919299 17
1788017096 1
856334088 6
849908637 10
1464768024 1
2433877821 11
3621360596 19
1532982481 19
1066665707 6
654368404 11
974644227 6
3943426989 19
971162523 19
3967941364 19
279234247 11
1268098686 19
341471542 19
1131213660 11
3510895406 20
3545899756 16
3623317598 17
4197790973 1
3020662565 10
373145517 6
1832657079 11
2989905274 6
2554102408 6
3888264519 11
1768166210 20
1245052198 16
3190521369 6
1110909714 10
4123590482 6
4025165845 20
4288454311 11
2559299309 3
3843098069 1
2807994650 10
2334339114 10
3837105125 6
3550598509 6
3736139226 6
131937365 6
1467470239 11
1790935045 22
913792845 20
3772567160 2
2893797632 6
1889375009 6
2614945516 6
3279169314 6
2268646624 6
788634999 6
905633378 6
499582869 6
2998264637 6
2402995182 6
534029091 6
2845290121 6
3036667477 6
917044002 1
3558759674 6
3862600132 6
2170815594 6
3804985553 6
1035516139 6
2653517274 6
3055992539 16
3202921620 1
1325753664 1
1396000375 1
4241537242 6
3241638801 6
155254616 6
3445203084 6
789093374 11
2846331771 11
1595852950 10
2031067356 10
1018773080 6
3611162675 11
1609111072 6
2349775669 6
3187679423 6
1523628460 6
3592794241 17
3446970429 17
2180732884 6
3487487806 6
73167388 6
1947292712 6
3425180550 6
1830273680 6
3423404839 6
2609261226 6
3311292447 17
4001739296 12
4233438916 1
1335368382 11
3383528073 6
932261408 6
3759663510 11
1631356083 6
2978952496 12
3436747448 16
1251442949 10
1039309277 11
300707301 19
994903105 1
813416191 12
2697639765 12
431676792 12
1406711145 6
1689041435 6
3543338536 6
2671863768 6
3097501046 11
1859101414 6
1961582423 6
3576252679 6
2155131066 6
1208716925 6
1127660429 11
3158648443 19
1374518674 6
2416930540 6
2330041546 6
812115212 6
3872263833 19
3973430993 12
1207701315 12
3527211467 12
2276338766 17
1979194480 1
1789030292 6
1955589191 6
866491652 16
2589514628 17
683609686 17
3856506314 6
720808093 6
3929305847 3
3075368099 10
3088799875 10
3011797568 6
427461404 1
11903787 2
3972732629 1
646018296 1
2290844216 6
4279062820 6
3045816624 1
3367970019 16
1307977545 10
997190205 6
4123856103 3
2687258247 11
2947196213 3
206764612 10
2511306781 11
229173137 11
3523638427 6
2755048614 11
763186040 6
961609862 6
2976183361 6
1445698504 6
4034638970 1
520799960 1
307650788 20
299977439 1
2825393193 6
3969715327 6
2264131771 1
1681044654 1
1416408965 1
634055788 2
3801156251 11
2120756568 6
2278294316 11
2508727449 6
2242962440 10
3932156103 16
4067630893 16
454877722 6
1025660547 6
1409032328 6
2052387140 6
3152867853 17
128524612 17
3679206945 20
2736146723 11
52314898 1
252060253 10
3124037790 11
2793142138 6
4042478309 10
2548917458 17
3005622577 11
900608363 10
1228378097 1
3566474503 6
928194890 6
471563276 6
2479438356 6
630776629 6
612159137 6
1848191402 6
1252414213 6
1955755195 6
3891435469 6
3756872499 6
3232324768 6
1099986186 17
1371708896 6
754463225 6
1845632487 3
2158788992 6
2793106128 6
209851390 17
1214513897 1
3714639498 1
111002220 6
3115846685 1
3664960746 2
2228464007 1
2969801242 6
3253517629 11
2083462231 6
2339675654 6
2484237935 11
3570370223 6
676086731 11
111697297 1
2225529215 6
1608971632 6
1294144302 6
460674740 20
2371276431 17
174453076 6
2325275890 6
1905385960 6
3440462541 11
1795334525 10
4279253267 1
3486385856 1
3117258192 10
3440163555 10
64189071 6
1411668407 11
558488327 6
1647288951 6
3083557905 20
3779950702 1
3390366829 2
3489156023 12
2615869881 6
3491395556 6
2800769044 10
3436227020 10
3198009652 6
3992715090 11
59432993 6
2034066637 6
2158027904 6
3233738292 12
3831962247 10
1357800479 6
2110547571 6
1137730918 6
3275855120 6
1472607726 3
639899861 2
3541673408 2
3824996748 2
3221512783 20
2407754853 6
2103885552 6
2726803808 6
3971339336 6
1216883162 1
687556251 10
4055297179 1
1433222505 20
1862297861 19
632502067 6
4207751256 20
1655671165 2
4050190193 17
2905283294 10
4088850447 20
4088611800 6
258597818 6
2416280673 3
2560493942 16
1433766427 11
72880037 11
467733687 2
137637945 19
3096958487 19
1988729372 8
487883345 11
2572610664 1
3212349193 6
3600716925 3
1919476330 6
1423215012 11
1862593230 6
3898288396 6
2118276106 6
964479664 11
2509954252 17
1927768054 2
2748803535 2
2697091335 2
3352205028 10
3618783290 6
2445628711 6
341342639 6
397152888 11
2927507008 12
1415361612 2
3496285238 21
2440145757 1
3121549769 6
3394535731 0
2989632399 6
3456713673 6
617449114 11
4001198906 12
1469648499 6
2860158261 10
2966797527 6
185481971 6
3969719504 6
2558094226 6
997127012 6
4012323801 11
1806857267 20
1071604650 1
1562579927 10
1602774281 11
2794840655 20
2466282317 11
3313377093 6
2548690579 17
2317974187 21
1120732824 10
2425926439 6
3821546905 3
3949965865 1
3244540779 6
2167155194 11
2098419215 6
4041077760 1
2034053761 2
3552319196 2
1146639330 6
722359919 6
610180626 1
2648932322 1
953930310 1
1743207460 2
2278226490 6
1429564248 3
3447227265 8
1119087265 8
3988571375 1
3622942251 6
747053175 11
3705481146 3
2495558230 1
2472491863 11
3414187965 6
49811908 11
3607991746 6
463052956 6
201088686 6
1697512855 6
3170600366 10
423034740 6
3568839007 6
1925103729 6
1348842881 6
2910670799 6
1970463060 6
2826308014 12
2882450712 10
1788458151 1
3526992607 12
1070091591 16
3860224718 6
4029222865 10
3856642466 19
2483977833 6
2173847584 11
2909982450 16
540417566 19
2413454969 19
689794850 19
2268952769 6
2576004941 19
1718424556 6
61506742 11
3705258754 1
2131980585 19
2213594178 6
3168889786 6
37784800 6
2222076852 10
3573968098 10
1267470029 6
2204286880 6
1557156746 6
1012478649 6
3374867521 6
975186029 6
2508759504 6
3593091763 6
2808914148 6
1169204740 10
1266745554 17
3850661626 6
815674318 11
4260527631 6
3356994361 6
4209908171 11
634926743 6
4045056759 6
2113905785 10
3009535395 3
676710945 2
1622881449 20
2096235046 17
2456221890 3
4138310958 20
1670333072 17
3579877260 6
1389031439 11
1366286970 1
377654938 6
378178292 6
85082265 6
1521932614 6
1235996725 6
238304622 6
2685049619 6
1677736 6
946863527 6
2203221005 12
4129998704 16
2486672495 16
2939193499 2
2514288457 10
2294802839 6
698891425 6
2802054610 11
1376534654 3
503115708 10
2259191738 6
874222463 6
3019072441 6
1584913075 6
4291673178 6
1284157111 6
87197181 8
4110352980 16
1376746428 19
4286155936 19
3200823589 3
1470855836 10
3489530724 19
44046704 11
664601740 10
806091502 11
883047186 19
186330253 19
3548837476 10
2718277764 19
1613209073 10
2209752043 2
631640429 10
754242056 10
3075716334 6
3142527294 6
1347634743 6
1988749933 6
1907781857 6
852074081 12
2324591091 6
1339819342 6
296501224 6
1999078141 6
1065006502 6
2882057986 6
292098438 6
1651757927 6
1721770567 6
2863052763 6
2924828690 6
1272784270 12
3220677227 6
571457812 6
331749278 6
3586826055 6
758471310 6
3667436537 6
2526743196 6
489356195 1
1678507920 6
2336227295 6
3942157179 6
2690140991 1
2465752360 2
1096673906 17
2932488101 17
1115651900 17
2239410568 1
4186992941 1
688064066 19
2709113489 6
1644468701 11
3417983420 6
2649895725 19
1402868206 19
2213099036 11
3101347127 6
3283813312 19
670182599 2
824330909 19
1666019339 20
3650421019 12
407236126 17
3166186793 1
1422534789 20
1495532886 12
2989517060 6
2341035041 6
2092932473 6
2894272760 11
825553911 2
84110665 20
4261958973 2
3479681490 17
777779746 17
2368850640 17
1131278392 6
2918663904 19
2811532215 6
639209908 11
4087708855 6
3842541387 6
2004808419 6
1293355418 11
1769157799 19
1083797817 12
3277171284 1
1015571362 10
344210678 19
441124159 10
3487661631 10
113052911 11
329776195 10
2669085327 17
966057752 11
3436484125 6
1891408258 11
1344446136 6
930012565 6
1850824581 6
864984531 6
305856724 11
1193013767 6
258930155 19
439038180 16
3208018418 20
3111581359 6
2906858996 11
1657785836 11
1038737185 11
1342150174 11
3967074094 11
3269010609 11
2403702683 6
1233346243 11
3118167800 11
709990993 6
3974261374 11
4037723480 6
1427593294 6
533829376 11
2050510888 19
1441000187 2
1794703681 6
3245171924 6
531326904 6
514518665 11
2866630120 6
1726428644 6
1211927124 6
3254771511 11
3870604212 6
3959503790 6
649648301 6
1769069598 6
2260115928 6
2628131235 6
1072813799 6
3921467447 6
822842086 11
3645685211 6
3317329132 11
748052165 19
3777073553 6
2276155242 6
1732628311 19
2312119133 10
747623486 19
1315666521 19
1467031305 19
129176513 19
471049852 19
1738175192 6
3755890618 6
3990895555 6
3326487271 6
4006628083 11
1660738536 11
630609803 6
2028777410 6
2530038818 19
3234642685 12
1008477038 6
3213449337 6
634929546 6
2207564615 6
3066190365 6
383812009 19
2616332165 11
1765202174 11
45816951 6
1272372271 6
1483569826 19
4026218711 11
1383414833 11
865462048 6
2897202838 6
2652969439 11
1915792183 6
4052441340 6
3468059687 6
2609897083 11
3614994384 10
2904621573 6
2359734443 11
2484112599 6
1903271511 6
481834863 11
2061016586 6
4120486228 6
265582508 6
562054811 6
2054462019 19
1764956602 19
3104172156 19
1766543553 19
642114549 11
1611163163 10
980681886 6
2283705944 6
1878107667 11
19509034 6
303006989 10
2149419893 6
959292158 11
585231306 6
3764781278 11
2712070371 6
401053179 6
2965504472 11
595041270 11
112107913 6
140111026 6
1638820826 6
771294216 11
1227497443 19
1106922561 20
2835800769 19
3116550509 11
643348659 19
1876492252 6
1768909929 6
438325076 11
2834752827 6
3999503629 11
347988368 6
4054581842 6
3959564476 6
416215269 11
2213628277 6
2640850807 11
1433784970 6
104465073 6
1970533249 6
1093838623 6
3750243328 12
1172771799 6
120844020 6
2704731308 6
2489276638 6
869632080 6
4268167519 19
3842459270 11
2988759664 11
2470784135 6
1023165973 6
2327790167 6
2625709191 6
3228335841 6
2717782161 6
3313609034 6
576886281 10
1975134053 11
1950189607 10
3271799816 11
3879223919 6
3198198674 6
4235664051 11
2234498846 11
1789326313 10
3627993088 6
1379296399 11
4206394605 10
374514408 11
3010559241 11
2840990336 6
3342362535 11
1226057122 6
511131878 6
1972722710 11
565344129 11
940443764 11
2571198338 6
1507977597 19
1083193776 6
4122997291 6
2515193069 6
3536260967 6
1405621502 6
1626140772 6
346807451 11
1099610017 10
3445607032 6
499193925 10
2940790593 11
1533775961 6
873532270 11
1383255361 6
2166501558 6
3568503750 11
1552009587 6
1925893283 6
359334838 6
4643456 6
3708013221 6
4197726500 11
510792816 6
2444607260 11
1160940511 6
1986263615 11
397131272 6
3127926137 19
1993377446 6
723438480 6
3415961982 6
209905173 6
3024124571 6
841177931 6
3998013510 6
4208469599 11
634696966 8
2913351661 11
928174718 11
858045506 19
511279678 19
3579051275 6
140392557 6
2712051673 6
3974819154 6
65938749 6
2748661083 6
3284896940 6
1782663935 6
3000856267 10
1542789393 6
793155201 11
1638914559 11
1652744381 6
4220359858 19
633143628 11
4152962738 19
1865451816 6
1189919935 6
1649164969 19
966648675 6
2614482324 6
3046902996 6
2040629277 11
4043652243 11
3937482927 10
1383198206 1
2822300793 14
846244946 10
273576878 15
4241937123 11
570804616 6
3307381153 6
2029127669 17
2594863431 6
303839650 6
1233319259 6
684800750 6
1190028194 19
3563882497 9
4274131 19
2735169111 15
1818195671 11
517162238 10
1917817156 9
1883140320 9
3920346674 15
376406190 10
2782094827 6
2019132569 19
3288644457 15
3584932437 19
3133794183 1
2922691540 9
4227970308 16
2554457103 19
3605269886 19
1787663502 6
512349004 6
3357042300 10
2694035193 10
588384204 7
2867795389 15
3741486390 6
2796485634 15
128770352 6
3556431559 19
228862790 9
2017618217 15
801057331 22
673913387 6
3246757495 6
1246832505 10
2253932286 14
751092509 6
3440887745 6
1028790894 15
713695965 15
4290124915 10
2089782405 1
2157979884 10
4206591674 6
3158921511 6
2153023528 11
760466491 6
1621576110 17
1571676856 6
2582297904 1
3953773596 10
2443769496 9
3131939702 17
930390059 9
3841058863 10
2958269148 6
2527130071 19
2781367685 6
2800511970 10
2669665859 6
3755297145 17
1871536804 6
3693835695 6
2398397384 6
1151580341 6
3543296940 9
3749183709 6
3312608318 6
324895424 1
452587690 15
3649682407 10
2764247791 7
517439538 6
365062591 10
305464518 6
3203562964 10
3910268551 6
1337137666 11
718918252 6
3424985447 6
1463713773 7
707107145 15
1345975916 6
1208548919 14
770116633 6
4003213946 16
1922557353 15
2992760893 15
3300148883 15
3594631984 6
723858732 10
1510442962 9
539173185 9
430353487 15
1832593451 9
2025272446 15
251408725 15
995246825 15
436210182 6
191444900 15
615818331 6
4255362796 14
4285398064 15
3374008361 6
3703160374 10
1059369077 17
2373929472 6
802240121 17
3432920105 9
3438996605 9
2715372455 9
2777237011 15
2857849311 10
3139608091 1
4048750036 6
3403558443 6
3316877973 16
49079592 10
3629411384 9
3668701454 17
3660058671 6
3972242697 10
769843678 10
4178715962 10
3555016881 10
3597230413 10
302095091 17
4243319054 17
1068716490 17
2845840062 10
3996264601 10
3561665567 16
110817521 9
860496718 17
1910502802 8
1881393023 8
708936438 17
2278177320 17
4137840998 17
2126649459 17
3111120393 10
3256153408 19
616480925 17
3481513212 17
3787180850 17
2008690764 17
1576585409 17
374605789 17
4260546922 17
1606285472 17
926698212 17
2747671531 17
158829597 17
1489087639 17
4241485203 17
3289287690 10
3796407620 17
1606915964 2
2547905119 16
2348266369 17
3524026073 17
3833040029 4
4106270975 17
3972232775 17
3726711458 17
2946054513 10
2569262608 10
2035331370 17
4108082114 17
3966969975 17
1829371401 17
635960970 2
330519221 17
3198790917 17
2176912645 17
843364852 17
3939712322 12
631453761 17
2493334137 16
441700259 20
1621899998 16
1529774447 16
2688340547 17
427713881 17
1191435470 17
1781241887 12
1133209415 17
180913041 17
2591270204 2
1080777821 17
1240623704 17
3529905724 10
4097015175 17
893227536 20
2569842285 17
2922189504 17
103108643 17
2821823234 17
2866890725 17
286748654 10
2231923037 17
2586156899 17
2221226566 10
91488838 17
1593057308 20
1534059789 8
1116349370 8
1977941931 12
2990190595 8
1868965803 2
2836271852 17
1918261364 17
1975734679 17
2776414506 17
3865034361 17
621040585 17
771239484 17
368825455 16
341285286 17
2102613357 6
22341959 8
2900941571 17
3453860535 17
1958361285 2
3448302473 10
359120949 10
3737445984 10
3244202007 10
325863120 11
1267650986 6
3099250780 11
844953760 6
1403469756 6
2063605905 8
3729534351 20
2063094722 9
3488948722 20
3007329650 12
128040589 6
4089605044 6
173371252 11
2485019143 0
4076126644 1
1113350730 12
1415168075 3
2389139244 20
1116216404 10
3621977546 20
615665806 20
750190806 17
1797743878 9
1429685892 9
1409208187 6
1902343152 6
3986415039 16
1389553644 17
1258328850 17
708068166 8
525511811 8
1972292339 1
1813203526 1
1802382844 10
748518432 12
3303808760 20
2363309105 20
2998746284 9
2486244844 8
1385689322 17
194516419 0
1416015293 6
4141443894 8
3539108060 20
1627407723 9
3332187453 2
3169911903 8
2553761155 8
597579641 8
422112323 8
2058996673 8
2482685396 8
3165897285 8
1780997695 8
1666281636 20
1875715863 20
930136064 20
2569873469 9
4193805137 6
4071082094 20
1083360403 6
2770690827 17
103551389 12
3041195526 12
359405024 8
3384553923 20
1066797910 6
890738561 9
2230073228 6
2282304240 9
3753886261 9
108909810 10
2964409482 9
4140262561 6
539076579 6
2479194457 10
4267481156 10
2202930644 9
348429275 20
73112237 6
940544073 20
3480876889 9
3025968099 20
2954091738 6
2513062341 6
795356613 6
2369068251 20
156300108 9
2900438748 20
2638914495 6
2869621883 6
3392578604 9
3169811258 16
1824071359 9
516181800 6
1743429039 19
3568381755 11
1635131076 10
12373274 12
3061283282 8
3113535012 17
3236094991 17
1920447806 9
2453704732 20
558754251 16
1256245284 9
2499794638 8
2102313834 20
3097301901 10
2640736529 10
525007625 6
2490249162 6
964308976 8
820933783 20
878211071 8
2157076996 12
2499920243 20
3553612181 8
2730524152 0
2039261177 9
1837316582 6
965037288 16
1158514647 20
621221195 20
289946407 20
2877313682 22
2511550887 9
821746416 9
2255937686 9
3741458041 6
1498905161 20
2570619867 10
2474679442 6
1062434609 20
3560403146 6
3562433482 20
1909703354 20
509516401 2
353638321 20
668391241 20
3428064615 8
3873794233 20
467367180 6
594699604 12
59738672 12
237489057 20
3912721330 20
1321729798 9
1713444059 9
2824563316 8
3697002121 9
2386669585 20
1604379885 4
2917297744 8
487779079 17
626958233 11
2642973783 12
2793332911 9
500866426 6
4179629420 6
3772762188 16
2805205791 0
758800489 12
1071843127 6
3372700121 12
1819140537 6
4039866719 6
3951155099 20
2451749006 0
23708456 12
1764502561 20
1046295548 20
2249355710 20
3419499801 12
1748786797 14
4015641857 11
2097465735 19
229492748 14
1499052617 19
2100899870 6
4241096190 9
3782886866 20
867937953 8
3994573218 12
2238596442 12
309289298 12
4195089888 12
518541968 12
382517038 12
4041037248 6
2048015202 6
3013046898 12
2927846544 6
892685020 6
3106234065 12
3245711914 12
1256545214 8
1868077328 8
2357564100 3
3371472474 10
1571046256 10
1560748904 9
2466967408 20
2687401688 20
1504443457 20
4233887185 20
606906370 16
266311039 16
3409500886 6
118665914 20
942548447 20
926904357 19
3011469650 10
3560360834 8
1962609334 19
3173687622 11
4049557984 14
3638889784 20
1371349759 20
278793673 14
784420702 9
3650860134 9
3713625105 20
3285365326 6
3856749144 6
2727148670 6
1411238015 6
2112903736 0
38153376 6
3083255646 6
4257327992 9
1525411081 9
2998172376 6
1985800043 16
3254676119 9
3776077237 20
866173292 6
4090531607 10
4020186586 17
716145142 17
4059138651 8
484418580 20
542152642 9
921362198 9
2513760274 20
624610591 19
3731182548 9
2022687899 19
3499071607 2
1935108114 0
2426256763 21
3398482454 6
3175910034 6
2053552870 10
2595734100 10
2530135328 20
3391982422 6
3801920876 9
3286230617 12
891251730 20
700928135 6
2863906799 6
1753461130 6
798663397 9
2240534129 11
856761422 11
1293850715 20
2251151040 8
644446982 10
3697497867 1
319476926 10
2784668218 10
3558081699 9
3284987077 16
685681325 19
450032841 20
716564419 0
3833106143 20
145602310 20
2121597067 20
3671683306 6
1771124512 2
422554687 9
3904605168 17
371416583 3
267004666 6
323971272 20
1988537763 9
3540744069 9
4161600292 8
2048531675 20
3092810557 17
3609201381 20
968209663 20
2034682523 20
3372069199 6
78919360 6
1142988103 9
2147728309 6
959388287 9
3057098186 20
3819483732 12
1181049540 20
91851492 6
503209916 6
2659989525 6
2030628645 6
1077856764 20
157111492 2
687120847 11
1500048787 0
4215366734 8
20045519 20
3889926767 8
1301747949 8
1342110530 22
2019483804 20
2554902886 9
1318990461 9
3684211617 6
501812572 20
1835031852 20
1185091991 20
2517750631 6
2027709662 20
1076566382 9
1024623861 20
1158195262 11
2488875665 17
1951633847 10
4210663333 11
1621302488 10
3200098421 9
149278534 9
2737943649 9
2572590181 9
4217290174 20
3693674495 10
1829042822 9
608848176 10
4048728371 6
2775755320 11
861626012 20
2636803775 10
1661902312 9
392049035 6
2369418079 20
687032159 6
1697141795 20
3933323801 12
3007070684 12
1021668239 12
2941471405 16
2335787381 8
2626078553 6
4049642886 10
1742917498 8
565768385 6
2172805656 9
181477279 8
1227859729 12
2355546746 20
2769317319 8
3097122112 22
2938451398 22
3244632310 10
3573579267 11
61315988 11
1290913497 11
3258721861 16
847450581 6
451070745 20
3755902775 11
1529948621 11
634246055 6
1059265707 6
1464652939 6
854131213 0
2284042100 20
3494110072 20
2865525809 20
2632289389 10
2508424278 9
3501858195 9
1318551692 0
658965991 12
825394145 9
2239185141 20
1855178686 6
3343850888 8
464472403 6
1585532098 20
3843525053 15
880696931 1
1044431514 19
2347962569 14
1993845199 14
2574687881 14
2109009429 11
2533702204 14
3562453083 5
662255749 19
3389393168 1
3952421137 1
1636397705 11
1755193728 1
3932376920 19
2746803013 15
2561590222 14
2566455452 15
3987592669 14
3921383718 10
316698841 15
3743073975 14
1434138268 11
3551709169 7
797485253 7
4168755660 1
3485672031 15
2775118877 11
711090500 15
4227625890 19
2556255709 1
2423444493 15
586302484 1
4206598664 15
734779972 19
42297931 11
2463611662 11
400779787 15
630248236 1
3237348395 19
378479648 11
923522546 19
3244544175 15
93252296 19
2606146417 15
1243858826 15
124258007 15
391892778 11
2240698278 10
3564119435 7
1105072817 11
3984534223 11
810244480 15
892191228 15
2467695340 15
521706266 15
3269927384 15
4167703283 1
4015793694 1
1186327968 11
2218339321 11
3937965862 15
3060676852 15
1911553318 15
2945538049 7
663897415 11
2298076816 11
1034398392 7
3224699097 15
895611537 11
1069780738 11
3450356057 11
4115399884 7
725440546 15
15937515 7
541911599 11
2059558428 1
820212154 15
3596247227 11
3138856339 1
2471663940 15
2861895710 15
509691719 15
1820879291 15
51509699 11
355261689 11
3296211439 7
1393767453 11
1363800378 1
2485300073 1
3254421398 15
3523550132 15
2164540106 15
4249909425 1
48217615 11
1764891370 1
3826685863 14
3734428172 11
1357191143 11
1543352988 11
697684985 11
2788393173 19
4277013413 11
14052676 11
417519750 19
1201759851 11
598946125 11
2912590904 11
2850939921 11
1312016825 10
3903204416 11
3571304495 11
1007868862 1
1131637349 15
1354623882 15
114290740 15
1118849971 15
1800290195 15
4272270413 11
3647182772 11
2626975158 15
2625839459 15
1957988039 7
173069383 15
1410892460 7
1776065093 19
1483427118 11
3468309782 7
3304216254 1
547994853 7
2763464404 15
2821587943 15
3186453770 11
499343588 11
612723395 11
4268330561 15
3335185539 15
2690377428 15
3908513176 1
271993685 15
947170387 11
1607062870 1
1868324733 19
2618836272 15
4243320648 23
754282661 15
1203885017 15
1816570295 1
1468638794 15
1648089260 15
1172342912 15
716651054 11
3581917359 1
777114330 15
905113971 11
2904491370 11
3406652734 23
2695873215 19
2251771910 7
1479445061 7
1562344459 15
1765141236 11
2426538332 11
164147989 15
3788382461 15
3938768258 19
2136020527 15
2017833480 15
639007010 15
3125878783 15
2195703496 15
478272748 11
176797910 15
215862011 1
1744452065 15
2217466857 1
2846502430 11
729323115 11
584136508 11
3987542015 1
1824135477 11
1370021517 1
1006679186 19
73004385 11
2651701927 1
574470080 1
2507998029 1
3467050738 1
4255111026 15
629747008 19
4029143511 1
1237802294 4
2185521140 15
3894703688 14
1735678799 7
766330035 14
3061068361 1
1614195950 1
2757309171 15
1248909554 1
1748335554 11
2355486593 10
2104893270 7
2198330371 7
3875278519 7
561505982 1
887551570 11
2099789026 19
3080206560 19
2677132898 19
786805138 19
1572042897 15
4089999901 15
244624829 11
2891398242 19
873767742 19
2258895291 15
1076416855 16
523634734 20
2966506893 20
610420526 11
217568033 11
371350497 6
3932398527 11
4186343091 11
3704041721 11
993322429 14
1666489706 11
3236655956 11
3408947883 6
2108153701 11
3014585240 11
3607983908 8
3751050706 9
1806141967 9
2066231505 11
3156966339 9
3710714913 9
1915550355 9
2378966751 9
1233179194 9
1186471987 9
4013503321 11
3758397516 9
3315588115 9
3703452070 1
932768007 9
618031063 1
865752032 13
247334819 9
3337624413 16
2190414145 13
503494475 13
349076368 13
317244819 11
3570811389 11
1550990529 11
4162814775 12
1335310722 13
2261059162 12
2400237643 11
92654665 16
1420456431 16
2943639823 9
4234887291 9
281027569 11
1742409472 11
555731425 9
546426200 16
2012076902 9
341524093 11
3185318103 9
1919214428 16
2330413005 16
1488226236 11
58813532 11
1242510102 22
2914807126 19
1532442029 19
3264424317 19
3051679598 19
2410086723 19
2384080539 19
3201714107 10
3898293737 9
603340196 9
1608056710 6
3095869436 19
1353839015 11
187930282 8
1802444773 12
1702858620 8
2366230469 11
1685536487 19
1883073184 19
2011528496 22
2414604245 11
2588391823 9
2171829285 10
4141072931 11
1229582590 9
1938958839 9
1888363886 9
38471468 9
76637386 19
282739918 11
1389194021 9
11319616 9
3542385377 9
378478939 8
4054457222 9
2274733192 13
1665799666 9
1092081197 9
375495627 9
3950342743 11
2648092463 11
3067486642 11
2334651301 9
3452442894 13
3028951676 11
651261109 9
1560384725 9
827545217 9
2969744075 6
1067711062 13
3621275862 9
935671871 9
728826496 9
4090987846 9
4281705851 9
3814139553 9
3534522796 19
3153954773 10
931972364 16
3247042931 16
3711535155 9
243128769 11
2933668247 19
4023404890 13
540449894 6
3498332729 13
2748944891 9
1852303497 9
4195834759 19
2319356089 9
2170359585 9
405528322 9
2106675969 9
2131770801 13
3635273278 6
192443467 11
3358525902 9
4189852123 9
4047925201 6
2983545619 9
115374728 16
3393275643 11
49428474 16
963499301 9
2640950565 9
3409024984 9
3682285572 10
3260052776 19
2326886099 19
3290193600 19
672121991 0
541221522 16
3358855985 16
227166314 10
3081030612 12
2749585954 6
4168008345 11
2562542445 8
3494634495 6
3681679008 19
495231855 11
2292946872 19
416312950 6
1585279980 19
4086067874 19
1825600020 10
1096691864 6
3318490731 11
3393389459 6
1532572427 6
23446357 6
3749733973 11
400302513 6
165518924 6
3112422991 6
263126872 9
422448057 9
1812026502 9
485707038 9
299422612 9
1834627636 6
1794255249 6
1096227267 11
183874747 6
678290387 6
1319573924 6
688398717 6
1907038958 9
325302372 9
173498275 9
2023952352 16
4190516878 16
421068598 16
2034056482 19
2637227692 9
1126679411 9
652666304 11
3968533454 6
1609829202 6
4247427057 6
2118325110 6
2965743516 6
651228527 6
530110925 9
3980857616 6
1399260438 19
4120396532 6
779936977 6
956370961 11
359548652 20
2109350949 20
2026336022 6
3746983820 16
2332666108 9
2790691551 11
2024124084 20
123356854 20
1040896318 20
2421874599 6
3566879446 6
3523455611 6
3294809855 9
784082901 9
634871106 9
3869562940 6
1904755586 9
2549382542 11
3039489190 10
768573895 6
3376291312 6
2865216151 6
2003965081 6
3023574296 6
2700506671 6
674147198 6
1535143727 6
250910445 6
3903523393 6
559023536 6
3371363180 6
3376783827 6
244654310 9
2476908206 9
1954092581 9
1492479335 6
666822528 9
2051733354 6
4040609086 6
3794691128 6
898004605 19
2501909517 6
2199277279 6
3206251192 9
3214873504 6
1941615857 16
2662614362 9
4083713481 6
920308106 9
3499783130 19
275514756 9
3125692442 19
2924604568 19
784173838 6
3754288236 6
1836339465 20
1526537978 19
2741929828 6
3659560932 19
1565504500 11
1730702537 19
1722791392 9
3387987539 6
2811512514 6
4041365180 6
3915853835 6
1664956551 8
3611068243 6
128702527 19
1179256836 19
2407753437 6
2884775750 19
2784421417 6
1562441135 12
2475287335 6
1565975744 20
879517198 6
138217881 19
151970134 6
3794820310 6
3952079213 9
677902303 11
251744646 6
478690080 11
98351364 11
599725933 11
1344430672 19
2296710684 11
136594314 6
2561734206 6
84036616 9
3622636543 20
4176863037 11
1436545925 2
3085897741 9
3015470715 14
3085025788 9
1115725139 10
3156975370 9
3652151940 11
2071820379 19
3137284882 6
2709505588 6
3995535135 6
629957747 6
2187326432 6
3855786905 6
2211628522 6
394324134 6
2699412192 11
755844728 6
3759148502 6
2796598896 6
762490871 6
3957778457 20
31139551 6
286994602 11
1709320690 6
566108171 6
3231561659 20
4290657659 11
3000747256 6
1203466185 20
151119714 9
3245606835 11
2521774822 16
3451797185 9
1843873029 9
2835294296 6
3496931672 6
2991206462 6
2933522455 6
3353758457 20
1049830962 6
358358255 6
2898656185 9
1012810409 6
3096383359 6
1195151639 6
1316092584 6
2850827569 6
3360676613 6
4123105192 6
562953978 6
3718121469 9
1650068564 9
1617119411 6
3392517907 9
3555970280 9
2168626681 0
1699993751 8
3245832018 12
2556582267 6
3384568631 6
2935363413 16
174576328 10
1568318947 6
2077828642 6
2795253878 10
3801081047 10
2683732875 2
3615158572 2
3369049279 9
2803671213 10
3727054073 1
1653741030 1
1941986794 8
3420232888 6
3150968152 16
762923349 20
1242660026 10
974984395 10
2555305393 2
1801084692 2
2044390444 10
3988032079 14
2916659569 10
1851018497 9
2603366180 9
2660168877 2
3278327704 10
136788484 10
1998971240 6
4271604706 16
1318023530 9
2908119699 16
1789383334 21
386035742 2
3370687176 10
259929155 10
1079353434 10
2737393131 12
2352664949 12
2357801834 10
2328458157 17
2619880861 17
1492828249 10
1174715512 17
52865490 20
1920707544 16
1115067332 16
2776925905 17
607125230 2
553975075 17
700448044 17
1331503988 9
960914192 1
1230626559 6
1860686308 1
1753004356 17
3461988455 17
677991380 6
529002508 12
4005359047 22
263173655 20
3664969931 17
3653654090 2
2280287882 17
3096854037 17
732486666 16
3293600154 2
1795033961 19
2675597435 19
854426456 16
2386506184 19
606297600 10
1085115652 19
550273199 10
4118258968 19
3180764898 2
1667170811 19
3325735305 10
4232983639 17
3390900563 17
1011729958 17
2956820032 18
1263911942 17
1147385142 17
3038034668 10
4042416162 12
2322905312 10
2916116069 2
2353217809 6
2219028084 10
1839488917 17
756469786 17
598184186 9
2387506344 16
3587747362 10
537416754 10
2762441460 17
3650609695 17
908676520 17
4258036024 17
1453168690 12
915837344 10
1107555652 12
2263317601 2
2851077031 2
3482386056 16
1314414362 16
3697075015 6
135588179 1
3621543638 16
1569250683 10
2639345014 20
2115831161 17
3381239336 16
1825254338 20
747185227 2
2017123233 10
2483231481 14
3274416413 10
3633866795 2
1938837006 2
3427601116 6
1281808725 6
2001430817 2
3348793633 1
4178532107 2
2311339548 17
3376050930 2
1534079690 10
2652345811 16
3425838009 16
1953693220 9
354547436 2
791329966 2
210455764 17
2324113639 19
3252596515 16
481107209 19
3432383642 11
1732520016 10
637561767 19
3543065552 10
1284708485 10
2441647193 19
3148908034 19
2410343560 4
86816768 7
3207012543 16
3424967748 15
370504543 10
193111241 10
2953449818 10
3857009806 16
1562134539 16
683059827 20
4023155950 12
2135026874 10
1129386876 15
2089706464 6
1780161018 10
891902363 16
321441431 9
4048039902 2
2301273685 4
4093891418 12
2613044692 15
976891058 16
607651400 10
3655357182 10
1618782986 2
3994490859 10
2415393651 1
1366172099 9
3903179524 2
1007476152 17
1320629572 8
1191871572 17
1494942502 10
2431981588 2
2654498836 2
2823542098 10
3716493206 10
498775974 10
171870775 10
2920005736 11
1134473265 19
711109309 14
3993015861 19
1017419765 19
3162352693 19
140010495 15
4226974827 19
4167815629 15
1510698275 15
2888261758 6
4063693072 1
2286516461 15
3891491948 19
2274255833 15
4169152277 6
3117290676 6
2332489970 2
979647109 6
202899071 19
1494329832 15
261535483 7
619336434 11
3663608003 7
3397621673 19
207583073 15
1185920298 15
2803712394 10
722950447 15
3791287737 15
797593324 11
3711833290 15
2755889375 11
1028388307 7
2694830585 11
4061303619 22
797313028 1
661117021 1
4133270072 11
2547351802 10
2678338642 6
749106265 15
377248454 12
263176375 11
2246975084 11
468414059 15
1670520785 11
3387776011 11
3792432738 11
616940901 0
1908553816 15
123180886 0
643992941 6
3166543142 15
1678491829 1
2160448957 1
639763937 10
420021162 7
2669492673 2
4191921686 7
4252751373 7
2151899211 11
2694900075 11
2210890526 11
4226605079 1
3486287545 15
1252391434 15
3916690277 11
1406406242 6
933695409 6
1598291824 11
1597041682 10
1802936246 11
3804737300 7
441559746 7
2589077439 11
515565737 11
3455365570 12
29593081 22
2222873335 6
4052076546 10
4047445900 12
1938249495 19
3738104222 1
138246993 10
2291412750 11
1213933300 12
2957472104 1
3539357271 15
3983813830 15
2213247101 19
3986351115 15
681351860 19
345904710 2
947705753 10
1739098369 15
2144990761 11
954791585 11
168411377 11
2790801911 11
2667116368 1
2272270266 15
876461361 1
4113650695 1
3843630652 14
471267868 14
3297739011 15
2818990015 15
1417130749 15
419862145 15
3289502089 2
370574854 15
2225162539 6
1036636461 18
3021966574 15
2122960810 15
432617408 18
3609990062 15
2555979909 15
2475610736 15
1113374428 11
1764619812 1
624828824 1
2595397994 1
3870754957 10
345861132 12
1393203205 0
2911344177 11
3709988725 10
2533419036 11
3397618227 7
819379462 11
2742319996 7
2320393325 7
1307260881 10
3664923775 10
2241744012 1
1717834771 1
832159272 10
508707493 6
3277932566 23
908853122 10
214742686 1
2195244307 6
989870438 12
114374360 12
161385947 12
1150149410 12
3801810646 8
2787937841 12
182158478 12
1274487419 2
3269276206 10
1069678041 1
4204332127 12
2379938090 12
962981489 12
1253664136 12
1865361226 12
1378508088 12
2448313100 12
3359579863 12
3112475106 6
2285015237 2
2826941889 12
3392517327 12
3064912978 2
3380658931 11
2705917389 1
2732413407 1
4241954833 1
3374313330 11
4402857 19
1400329368 11
1956904273 1
3002371078 19
2102287635 1
1257191372 1
102746618 19
2294417689 1
2067867120 1
157086944 19
888557752 14
3384416562 19
1473554998 19
756834665 1
673051538 1
496178908 1
2773697342 1
769560316 6
48542961 1
844763750 10
169672214 11
1785602942 11
730161328 1
235588870 14
3933510060 14
503152263 14
609223603 14
2326126757 14
3234291232 14
852733286 6
4007062855 1
3989657808 4
590367419 4
3762480642 1
2090263596 4
4070899381 4
4022351210 8
