1262063359 0
2497718038 0
1866594661 0
3143903310 0
828972663 19
2051259156 0
4289840177 0
1144466483 7
1615518257 0
1367792978 0
1051535936 0
1120210954 15
3693888958 0
2609300251 10
932050504 0
1373637913 0
2338905994 0
2642091672 0
2272118168 10
3772601101 0
2849008803 0
2331276641 0
3561903046 0
3603351524 0
945693657 0
3944615203 0
506343293 0
1651825108 0
2419400932 13
3668327981 21
362131759 0
1872470832 0
828026389 0
1530582417 0
720949954 0
2062439393 0
790467937 0
1348352100 0
1969246820 0
1299061381 15
116204572 0
3844230889 0
2815222178 0
8211739 0
2826923222 0
3915691208 0
4009457647 0
1261875499 0
2314981854 0
646573957 10
529493304 13
190137940 0
3055731999 0
255467331 0
967673760 0
3747089493 19
423107809 0
3670679747 0
394407692 0
3543926699 0
2067149373 0
1601230684 0
3731069221 0
2460212866 6
1482552182 0
3060152698 0
2789464858 0
2283182014 6
3211951756 0
3523625760 0
2701193225 2
937508961 0
2406614453 0
1722183416 0
4000242327 0
197744310 0
4082846805 0
164264780 0
262791005 0
19074194 0
409058604 0
1017631432 0
4048864873 0
2163313952 0
1195692106 10
1883524287 0
3335404468 0
26168333 0
2604450342 0
1989033623 0
409983760 0
4000416643 0
4208050552 0
417591188 0
1143026483 0
152071987 0
3674120241 0
1890739013 2
2835506258 21
390708108 0
1776329180 0
2044669843 0
3641011373 0
396896733 0
2932240893 0
1946560611 15
3825253029 0
3968467460 10
1455476619 0
24124748 0
3977649069 0
3099710596 0
3851916304 0
3321201007 0
3056007542 0
3291111190 0
3855498781 0
1328937360 0
2074045530 0
1462773255 0
3597114642 19
874959733 19
2954778162 0
2664378354 0
4040955472 9
2237291549 0
1454844368 0
2717688955 0
433030790 0
3759880131 0
234841569 0
2468284529 0
2277234390 0
2636555707 0
2285817594 0
3523477901 21
3339856340 21
1622197441 0
3695039419 0
2670586930 0
872148246 0
2447797976 0
1815226504 0
460367261 0
3910722948 19
2954571460 0
1585612992 0
3610550217 15
4258043886 0
1039601285 0
1796723093 0
1799315869 0
3656497519 0
4266540839 0
969471154 0
1986762241 0
3443640343 0
271910634 0
152427565 0
81600019 0
4086391365 0
4164597121 0
3935199783 0
1850930681 21
1637200318 0
2927582228 0
2167699496 0
4206369041 0
601549247 0
3071142117 0
706245197 0
1379585119 0
421184262 0
3583045348 0
655771778 19
3597878978 0
1492116042 0
1985682780 0
186647908 0
955707397 0
1859067156 2
388057262 0
3643064987 0
1002739398 0
3015410321 0
3513500599 0
130721352 0
4153917592 0
767048166 0
2918517061 0
2023874165 0
3210637697 0
773700854 0
503324186 0
341797199 0
1854653676 0
67702176 21
3481572546 6
1487189573 0
4116557535 0
2808522752 0
636706505 0
4090819444 0
162891728 15
2626715120 0
963798901 0
3943321759 0
4073053823 0
4205107217 21
2114170522 0
2957549357 0
2791834715 0
4072959502 0
2479437286 0
3434458158 0
1712074562 0
475414780 0
567903131 0
3174729091 0
646357969 0
617522137 0
2899203076 0
745751873 0
1878497972 0
3891668032 0
1775158646 10
397726225 0
1279778269 0
67964348 0
3542258020 0
2271946518 0
1530697420 0
1582203527 0
3654319798 0
2608069597 0
148210198 0
1607774759 0
1106288340 0
1985882269 0
2442145750 7
1365446927 0
3174305253 0
586471196 0
3967965436 21
1562447490 0
3183498789 0
2210400216 0
813958060 23
2752483362 0
429252320 0
1717289979 0
311004434 0
4174685807 0
3374157533 0
3350227117 0
2085826535 0
536486355 0
2031912289 0
380050906 0
2615589080 0
1590072578 0
803172505 0
3102310842 0
980098318 0
1830183745 0
2699778254 0
1020862584 19
930742924 0
1095116635 10
4235048563 0
1676238284 0
3268332497 19
3229453803 0
270515806 0
911590848 19
2803109747 0
215036451 0
1887643131 18
3558908534 0
3963074130 0
2630949716 0
1965752796 0
3246309452 21
3001566703 0
1826148124 0
2169965695 0
2083321682 12
776210628 0
2828817449 0
718624407 0
567687581 0
545381882 0
712748623 13
968906210 0
3338711251 0
355753462 0
2959480878 0
4278609110 0
2987116615 0
3495533745 0
2586499051 0
120470972 0
3771135894 0
4193513391 0
690465554 0
1537559135 0
3085088495 0
4193297895 0
567988372 0
4180256337 21
3819618352 7
1427474800 0
3672587136 0
4065436828 0
510887309 0
4142846766 0
838859384 0
845817145 0
3780324296 0
3498176529 0
4272730966 0
1410657533 0
3339937951 0
2900438422 0
1088067695 0
3048930796 2
204017752 0
2330604918 0
732206654 0
1516357464 0
1237444204 13
3837148257 0
377974719 0
1368651088 10
2501851988 0
502155128 0
2544265508 0
2487353314 0
548334699 0
3991009781 10
1048004553 0
3922292161 0
182187735 0
3854576231 0
2648390672 10
518456396 0
716519895 0
2932613951 0
4076720422 23
1913845960 0
1941149208 5
3738951740 10
1185208238 7
365715918 0
2801287208 0
2012291013 0
2728783413 0
2690403268 0
2584749212 0
2131654276 21
642910441 0
3033494062 0
3404808519 0
329836529 21
1383998161 0
1201948746 0
2245596 0
2336031551 0
2449150736 0
2348817311 10
3958134150 0
4166836547 0
2896809203 0
699267316 10
3085978252 0
1478045341 0
3439454645 0
2067627100 0
520478164 0
3133845471 0
2262327005 0
403835423 10
2845872165 0
3614816447 0
2658620863 21
873005385 0
2560456311 0
3435383539 0
309958674 0
280127867 15
2411689615 0
3235343211 0
1818579712 0
3423582149 0
3286717083 21
3570300301 13
28037105 0
404044402 0
1608653899 0
1702050202 13
591736589 0
502544906 0
2871330636 0
1138790292 0
1744717204 0
2878705596 0
111869248 0
1832594930 0
3943424504 0
1850852067 0
4282242219 0
3301241088 0
440770377 0
1978754492 0
505729044 0
186827729 0
238590278 0
3804418826 0
3612792917 0
3250486334 0
856026692 19
1057768978 0
978948799 0
465059601 0
2416077215 0
1258981026 0
2403941183 0
2314454355 0
2526019310 0
101827878 0
152149590 0
1683081786 0
271135736 0
3749521579 6
4195912366 0
3698973826 0
782591035 0
917472105 10
2987073383 10
3261305299 15
2320334127 0
1830507129 1
2792889402 2
2297445852 21
1435113382 0
1195723233 0
382625419 0
1585347250 0
3957052291 0
1197798921 0
4230046641 10
1966883095 0
3820664114 0
1490745284 0
546638714 0
803644449 0
3585522709 0
3023492007 0
3053096682 0
3174696632 21
2264521840 0
2588394827 0
3380543796 0
1479079348 0
1411170342 0
3207979712 0
185089979 0
3141852139 0
235999865 0
3511537049 7
1995977359 0
731205120 0
3867131573 0
301719887 0
863677357 0
390725259 0
246022367 0
2922241166 0
2228097893 0
2916774603 0
3177616422 0
2909066317 0
1234078027 0
2355686101 0
789672965 0
1509547438 0
2616104196 0
3531867167 0
2254891492 0
3153317014 0
3011774780 0
3060614791 0
3812668927 0
1568112724 0
2317130921 0
1908507323 0
3368004379 0
3192601228 0
2032561256 0
50307388 0
1211893571 0
3305731845 0
2023601543 0
2575978311 0
784569155 0
1895206086 0
4277481913 0
1412024149 0
1366110211 0
1893911498 0
1707618426 0
1388007569 0
1402541910 0
4177288399 0
1740503772 0
4287361035 0
4016863888 0
3087448333 10
1527650188 0
1984049701 7
928251219 0
3493867507 10
2547183189 10
1807666618 10
2840744434 10
2925618892 10
3473668472 10
697617239 10
1551886608 10
249311043 10
1822206218 10
3006279498 10
3617193473 10
162492090 10
2433295865 10
3525479658 10
4219943505 10
4154217041 10
578982384 10
2513213529 10
3959828075 10
207249527 10
404172328 10
1313042662 10
1173188098 10
3081885833 10
339051417 10
2935942058 0
2074646225 10
3129171393 0
4021689201 10
1916994723 10
2846773960 10
2016628082 10
1128976652 0
2520238220 10
3507048941 10
472419132 10
440183856 10
2140605203 10
3540434859 10
2714363635 10
3342315138 10
2193197474 10
1134835730 10
1373436525 10
4282356716 10
3258019218 10
1071138976 10
674707879 10
653305886 10
1109576354 10
3978585000 15
1778342535 10
326925005 10
2354788962 10
2499153621 10
1002016801 10
4046226111 2
3930799010 2
3807794636 10
3640175673 19
2928197308 10
2635091441 10
2136573435 10
3833373120 10
2580311081 10
1721969710 0
3878336820 10
1893830687 10
1242649409 10
2606515607 10
810604903 10
3579278412 10
1063664769 10
4134058694 10
34909697 10
3435161721 10
2819988859 10
2166123408 10
285598719 21
1244125932 10
3726607419 10
2605824182 10
1780381055 10
2735557194 10
3939764096 10
3141533204 10
1890204485 10
2020996665 10
1730633288 10
1462909481 10
1254685294 21
2526636648 10
1749517924 0
854456618 10
3804540951 10
3731756510 10
3808090039 21
2314528714 15
1578373331 10
2708587821 10
2581087862 10
3909055724 10
2866459320 10
1434962180 10
1083458807 10
1289874969 10
3552107796 10
2823359476 18
2478451911 15
1048497401 10
622340080 10
1826914140 10
659827514 0
2003139996 19
4098050133 10
51705367 10
1258156461 10
1965769573 6
3410758085 0
1201440580 10
3944699143 10
4129002758 10
250513946 10
1398247608 10
4132335798 10
2051489652 10
2948229450 10
2261567584 13
3139505610 10
1146376844 10
3413716060 10
905960610 10
2012801151 10
2849581769 10
1301768033 10
2648446991 10
498441425 10
3339868710 10
3110436580 10
2911908091 18
476634926 10
3758142368 10
3935533226 6
1468822050 10
643317051 10
1008026099 0
530561371 10
1361675314 0
2475310139 10
1062865873 10
4077065853 10
4059004237 10
294749430 21
2470042336 10
4277781466 10
3649943260 0
3535610852 10
2618351894 10
2988875692 18
2815840896 15
4114682042 10
2666288179 10
3497509059 10
2413838282 10
1057856937 10
1344127111 10
3032228595 10
4028644513 10
3326621832 10
669194842 10
4175109230 10
3536112812 10
2905628128 10
1817888059 10
691058844 10
449601237 10
1531568359 10
1755306255 10
3407391896 10
2226659684 10
954910379 10
586514833 10
2344724563 10
3975732611 13
508351291 10
1008865634 9
204260699 10
1625814840 10
3844329113 10
3368252256 10
373593747 10
842752119 10
4264986628 10
1540090484 19
2329003879 10
144972317 10
669825470 10
4023976635 10
484376167 0
573743883 10
91292537 10
2034921157 10
983403440 10
192962943 10
1985760172 10
717075912 10
3316292077 10
1662633323 21
3352309115 10
1063001282 0
362020810 10
1215891141 10
1219016598 10
849671924 10
3772397857 10
3134245381 10
2175904958 10
4259991169 10
443880637 10
2530458513 10
2597048343 10
2896460333 10
3581949236 15
425050975 10
2276567526 10
1621911569 10
4168035826 10
465472357 10
1111234116 10
3227726610 10
1018276095 10
3076223409 10
3251267301 10
783424938 10
1828780440 10
2278710771 10
735058997 10
927593006 10
1870406467 10
2528505038 10
3954244970 10
2902025306 10
1780511294 10
1702021722 10
2393900140 10
3557295820 10
3039499780 10
3609052679 10
2183203933 19
1442132446 10
3623624864 21
2710795501 10
2075604861 10
3241429230 10
532081533 10
1382658819 0
493684035 10
1724875462 0
1480426047 10
2313063959 10
3884722223 10
1954871691 10
3108883333 10
1161096989 18
1115018504 10
2769086117 10
2573538718 13
1193218157 10
3674639192 10
762772044 10
1867116876 0
144080998 10
3704121749 10
2920580663 10
2122869825 0
589096762 10
3912644911 10
3835398272 10
1412113924 10
895465715 10
375969959 10
2843289803 10
1156281497 10
2180493309 10
282253653 10
2525396546 2
3615369077 10
2636462097 10
579779347 10
1547263152 10
1158585789 10
313147259 10
2115555297 10
4133488528 10
1030557077 0
3887738887 21
2233174830 10
3839952277 10
1688835047 10
2632833426 10
1959739719 10
2312328178 10
2013591564 10
2708433939 10
3459917003 10
4090933691 10
4071273195 10
3482877948 10
760974202 10
2110417160 10
2833906515 10
1190376585 10
1832068839 10
2472226021 7
2988091113 10
2150201589 10
285443899 10
3154321095 10
2923140493 10
1941741312 10
2361277962 10
2744763808 10
1395987525 10
2053176339 6
1320966484 10
298407212 19
2025708493 10
2519515734 10
543603928 18
3939916414 10
1899298688 10
2772299895 10
1678350161 10
2600844675 7
3036075725 10
3597199515 10
1894854424 10
2055017830 21
3033428463 10
3959196922 2
3359599614 10
846437281 10
1468632001 10
1038835916 10
204609704 10
4101115351 10
3852750087 10
3807297484 10
3964260594 10
1834163410 10
557885137 10
3439471560 10
1316225236 10
1425854063 10
1829096122 10
2594686561 10
275502826 10
3849501032 15
3514806619 10
4057746453 10
1969129306 10
3792748401 0
1990943052 10
1132927609 0
1659247365 10
3490272721 10
2005866420 10
1692695930 10
3850457095 10
1043385908 10
288010543 15
3904010882 10
3789299615 10
2083771769 0
2004551205 10
2238381831 10
2479321722 0
3307810524 15
3012167550 10
3950793021 10
1588521195 10
2506611751 10
2072537406 10
1373413354 10
2547555440 10
1867325474 10
515216097 10
1561876383 10
268608278 10
3620275558 10
2438664527 17
2438510633 9
2785846696 10
2333710921 10
134536843 2
1771725161 10
1305917650 10
4206703115 10
2521530731 10
3689355129 10
4225125992 10
2155083027 10
3196927539 23
3995465072 15
2639448542 10
2752268721 10
3190956979 10
4167738649 10
3160491588 10
1793896892 10
2579766659 10
4284629210 18
3163181892 10
1453456180 10
2782625468 10
2929345897 10
2423820803 10
4148519642 10
706453512 10
3612235071 10
2606901827 10
318250517 10
4262733670 10
3806917951 10
2505697751 10
390228537 10
2296462229 10
2610392777 10
2750297535 10
682434778 10
3433483147 10
706355079 10
2772553400 10
3567816530 10
4067158392 10
4249987039 18
806007856 21
278836934 21
426834367 21
2556506122 2
3222518215 21
3783379184 21
1444463461 21
3853093388 21
3028570746 21
1801060527 21
2121572211 21
238429300 21
2741764377 21
1801325173 19
1567761621 21
2222644057 21
72067314 21
4137704876 21
1691576374 2
3756184893 0
344526759 21
3270720932 21
3011479989 21
2339362679 21
1757286195 21
4229679480 21
3434770666 21
1469290246 0
323392760 21
2783568347 10
587831621 21
3171729079 21
3570557105 21
2999039983 10
3035288656 21
890243210 21
3537843787 10
55759124 21
3073706113 13
568039572 21
3428008439 21
901166250 6
3344099865 21
2069183026 21
920338941 21
2133297183 21
4086223884 0
2974262124 21
3721070175 21
3070456212 21
1499198796 21
2890641181 10
3109759205 21
350071308 0
3713529762 21
287143013 21
3141337766 21
764573816 21
4155570895 21
2153562492 21
550922188 10
485749819 15
929294117 21
249671640 21
62326945 21
562148548 6
3864567185 21
4160406928 21
1825596749 21
2181756168 2
457989663 6
1850417426 21
216039816 21
1510076252 21
2181567381 0
2602594597 21
2834554434 0
235925500 21
3363837666 13
2380537823 21
1747404475 21
2970582943 21
2731981057 21
3936610522 21
251711825 21
113017757 2
2792627702 21
1103728482 21
1417893599 21
1319170368 21
939239457 21
666540160 21
3371764098 0
3683965469 21
3541439371 2
4106633968 21
4165893589 0
2704168162 21
1672322378 21
1192147977 21
2200081372 21
1488048179 21
159162915 21
58285004 21
1308240131 21
1869184004 0
202998104 21
3656158868 6
1859144380 19
4240224436 21
4161989455 21
3803312439 21
715880835 21
2854165416 21
4023009076 21
609789774 21
398330392 21
856847136 2
2416878049 21
2613802300 19
618586768 21
259028912 19
971797234 21
3970665489 21
1135787090 21
2141549157 21
998644039 21
2143119583 21
161492340 21
3051743872 10
1827836285 21
2898731268 21
2860491764 21
326286563 21
2213047766 21
331912190 21
2108657934 21
3646479043 21
3673705225 21
1124336206 21
990367470 10
4113697118 21
1594183021 21
3050174995 21
1222379069 21
1153083447 21
1090828043 6
2310931904 21
2459498345 21
2120687377 21
990134120 21
3124796841 15
38377893 10
4199774622 0
407502266 21
4128502368 15
4287493745 12
2884830774 12
1366646404 21
2516149430 21
2054414622 21
2962573767 21
3610109249 21
3922185864 21
207300393 21
1248715262 5
3972234972 10
3424094268 0
2089675961 21
3203236789 21
775877264 21
1350572102 21
932895954 21
2462679162 21
2791792153 21
1076450684 21
4233728370 21
2187605424 21
1309242658 21
1494749285 21
3495753039 21
3660414214 10
3449658796 21
1871080596 21
1565430935 21
2003222759 21
1830739948 15
1030355278 9
2024121980 21
1197708724 21
3120787869 12
1353017213 10
2069903558 2
308423548 21
3506893669 21
3881182105 21
797935282 21
3693386468 21
1245426669 21
3142779949 21
1873534717 21
626857712 21
246206441 12
3831816207 21
2284438411 2
3217309256 21
52360761 21
1989210553 21
406756775 21
1838740890 21
3479378612 21
1562479511 21
615384562 0
2506189990 21
1242295111 21
3728760874 21
1073109531 21
1911674251 21
3567513380 21
1433595716 21
1794994756 21
341646295 21
4131930 21
138696532 21
432939910 21
674786842 9
3155811282 9
1264144960 21
979483542 21
2526584584 21
3876301108 21
1653233701 0
529124229 0
1605567329 21
3170248913 0
2638690757 21
3629152136 21
983924740 21
413152889 21
3209941903 21
1733923987 21
153443378 21
2572064682 21
2590771018 21
64366012 21
3174870044 21
4109701685 21
1728391337 21
3647046525 21
2508699169 21
3560513525 21
1771178225 2
3017373268 21
2362894122 21
1064939781 21
3517664028 21
2994602580 10
1829310417 21
143118596 21
493346292 21
996541946 21
2797713093 21
4186160485 21
2296190274 21
454819317 12
2429694268 21
147959275 2
3604849171 10
1570187117 21
1538488533 21
3032960900 6
792795456 21
322842186 21
3292718237 21
4135993688 21
315761952 5
1369428282 21
1986029787 2
1047008459 19
2991382402 21
4272008897 21
794290425 21
2567089852 21
2293443207 21
4020218418 21
45334237 21
1752649528 10
4096747219 21
1572445260 21
3350723184 21
4272347442 21
2593897943 21
2029930304 21
3239031191 0
596568224 21
1754849110 21
1623443917 21
3283552733 10
4277611896 21
3442256927 21
3094535175 21
56901720 21
1580952329 21
1716877105 2
158781206 21
2026037364 0
2671012699 10
1855658873 21
3865919013 21
482860535 21
286563798 21
2883480381 21
1145149544 21
911803444 21
827164080 21
392797563 10
3162706246 15
3513765415 21
97503762 21
1045588349 21
1543624294 21
2234115229 6
1956897695 21
2990698200 21
1615046097 21
2955494929 21
245847526 21
2478686464 21
1300462079 19
3588967562 21
3028222352 21
353246256 21
3496723422 0
1614728306 21
1886715895 21
1837475904 21
1540352672 21
2098947616 9
1532587049 0
1287113339 15
1052275505 21
2986969619 21
4225411768 15
1379053485 7
976860515 21
3087128481 5
740736541 21
1476889501 5
453130681 21
167408365 7
4012332499 0
1007579263 21
4112733497 21
1053742277 21
4110379404 21
3062192784 21
4124247031 21
1886086530 21
2960146494 21
3037744136 10
3400702844 21
1893350052 0
2000700429 0
2172969842 21
4019858244 21
1541739469 10
764835364 21
1895036354 21
1987980503 21
4273498115 21
894839465 6
2418245406 3
3329451340 21
2376766386 21
1186193582 21
1626235044 15
2727433586 15
761408025 21
4229752446 21
3469238348 21
249409060 21
1763620763 7
1629706258 21
4036404858 21
1354662429 7
972136411 21
2323975578 21
2420210904 21
3547699952 0
487874328 21
3555445882 0
4138886440 21
2591300755 21
1436876712 21
2752939416 21
1334815036 21
866312686 21
755054390 23
3398945582 21
2527331273 21
2973873336 0
1835658975 21
2348042432 21
1062603642 21
1586174348 21
3260679948 21
37148441 0
4121148380 21
2617466415 21
3603209003 10
1789129641 21
4034568263 21
144306577 21
3202759529 21
1007822982 21
2008562723 13
3831436580 0
3922048017 0
658147276 9
1896417026 21
1330401935 21
213592565 21
788186007 15
1295316368 15
3002340051 21
1726789885 21
2809405900 21
2563467398 21
3912900271 21
3270800530 21
2718706186 21
757564033 21
1727496701 21
1484202892 21
415306179 21
2960256 21
907871668 2
3680438058 21
2395610824 21
3234978167 21
3392415933 21
2395057470 21
1100004287 13
1671751714 21
664994207 21
1908762465 21
927060728 21
3593839399 21
766910890 21
3506965384 21
2181355154 21
1506031324 21
2396726896 19
980768571 21
1129098682 21
367087453 21
1364733109 21
843780519 15
4181951835 2
168522168 0
2216534145 21
2557933470 0
2775579709 21
3132338749 17
1938247308 10
4246369833 10
565294555 13
517642848 21
2598615479 21
3308746791 0
1896399075 21
4268264552 21
970509921 10
4075870137 21
4085653398 21
3513138512 21
577947433 21
3564291882 0
2186183526 21
3343456762 21
1325278874 21
1423260160 7
1587767461 2
2600480250 15
2830244696 21
1730742406 21
4101382415 21
3781229913 10
3907132188 21
1856416292 21
4160125099 21
1493325772 21
3744499982 21
4026546970 21
521479424 21
1718160794 21
1144104511 21
3589868677 15
3023777020 21
531470943 21
3543431784 21
1126349606 21
2120914917 21
685662221 21
2000747193 21
4056219060 21
2703672370 21
2894569680 21
1560030177 21
1711199369 21
1086824568 21
2367042222 21
1081323849 21
1029536640 21
3701267868 21
1775899245 23
1820800656 21
3929275475 15
1278331629 21
3030392915 10
2605150041 21
2211434499 21
1306137388 21
4090237685 21
3115725933 21
3555453282 21
304166836 19
641694620 19
1394277958 19
391602720 19
2356224974 19
3041466293 19
3241237710 19
3155305161 19
2281721044 19
946614371 19
348478000 17
1856687560 19
2536438411 19
1512374046 19
3020788614 19
2614494418 19
257902820 19
2336379261 19
3098949741 2
1613577805 19
1599433302 19
2403195895 19
3251667955 19
1751572240 19
2885241284 19
2279283034 19
581288280 19
3331096835 19
2813283373 6
2057637772 19
850560692 19
59784078 19
3228963284 19
3197357035 19
710092818 19
2427046714 19
3920108413 19
4111547746 19
2431739412 19
2157229196 19
2452393404 19
209300594 19
1378310795 19
671643695 19
1557577428 19
3282444824 19
649732281 19
2851523353 19
4203390696 19
3997154829 10
3159819402 19
492051888 19
3964326789 19
798884878 19
20676562 19
3270400638 19
90853907 19
1964222745 19
139592899 19
1402541956 19
3448270089 19
176332748 19
2301715663 19
2328494377 6
431591531 19
1245861989 18
431912168 18
2035329288 18
2915694431 19
89704339 19
1858298696 19
1240326835 6
1057689031 19
2691142937 19
1360789429 19
3674341814 13
1055788221 19
1281811640 19
986038607 6
3793512468 13
1217382500 15
4098809273 19
2256948057 6
3433580282 6
1595730111 19
960956044 19
1048127502 19
4198584969 19
1438770695 19
1268309615 19
758022017 21
69532763 19
2312091675 19
1050320566 7
432013805 3
444315606 3
3208647167 3
240404391 19
1193165462 19
1054841732 19
378345287 19
3904545768 19
2207892786 7
174294561 10
2565521181 19
2252042180 15
1201580874 19
2533195601 19
70469026 15
3441153714 19
1223536644 19
372894682 19
825086503 19
3790769780 19
1936436840 19
1244571627 19
3969450907 0
683169793 6
614377250 19
3741835496 19
4161247151 15
301459378 19
2386077589 19
3785172792 10
3312019992 6
1007530360 19
2170768158 19
2688440060 2
3777769091 2
1733756978 2
1820150665 19
1213300895 19
385512256 19
871903544 19
2882489236 19
522326094 18
2091349473 19
1518411470 19
4027138755 2
1324458762 19
1152177591 0
1268853071 19
2881144014 19
1530518831 6
3023286702 19
1598627762 19
476526044 19
1979440660 19
792076106 19
333730733 6
3057637107 19
3006409236 19
1393712096 19
2531281699 19
2159647507 19
1429764873 19
827935743 19
30916217 19
3518960652 19
3816165230 19
2681831018 19
463938909 19
704888918 6
2625223291 19
4246096537 19
4066280939 19
2845713286 19
2907087082 19
2748253219 19
1661201175 19
134956582 0
3231793741 2
572687187 19
12963368 19
1985538265 19
3075848766 19
1269666688 19
434207057 19
2410071085 19
1901227272 2
1795429081 6
1009063983 19
4168362425 19
3573271908 19
327580593 19
3128106566 19
3473009447 19
1558784310 19
171009778 19
1893629569 19
2245072497 19
2852947297 19
796722248 19
72045605 19
478565513 19
1408257563 19
2330564678 19
3928048044 19
4226509437 19
160636066 19
2814228887 19
1262135710 19
1660919299 19
1788017096 19
856334088 19
849908637 19
1464768024 19
2433877821 15
3621360596 6
1532982481 15
1066665707 19
654368404 15
974644227 19
3943426989 19
971162523 15
3967941364 19
279234247 15
1268098686 19
341471542 19
1131213660 15
3510895406 19
3545899756 21
3623317598 19
4197790973 19
3020662565 19
373145517 19
1832657079 15
2989905274 19
2554102408 19
3888264519 6
1768166210 3
1245052198 19
3190521369 19
1110909714 6
4123590482 19
4025165845 2
4288454311 13
2559299309 19
3843098069 19
2807994650 19
2334339114 19
3837105125 19
3550598509 19
3736139226 19
131937365 19
1467470239 19
1790935045 15
913792845 19
3772567160 19
2893797632 6
1889375009 19
2614945516 19
3279169314 19
2268646624 19
788634999 19
905633378 19
499582869 19
2998264637 19
2402995182 19
534029091 6
2845290121 19
3036667477 19
917044002 19
3558759674 19
3862600132 19
2170815594 19
3804985553 6
1035516139 19
2653517274 19
3055992539 19
3202921620 19
1325753664 19
1396000375 19
4241537242 19
3241638801 19
155254616 19
3445203084 19
789093374 19
2846331771 19
1595852950 19
2031067356 19
1018773080 19
3611162675 19
1609111072 19
2349775669 19
3187679423 19
1523628460 19
3592794241 19
3446970429 19
2180732884 19
3487487806 18
73167388 19
1947292712 19
3425180550 19
1830273680 19
3423404839 19
2609261226 19
3311292447 19
4001739296 19
4233438916 19
1335368382 18
3383528073 19
932261408 19
3759663510 18
1631356083 19
2978952496 19
3436747448 19
1251442949 10
1039309277 13
300707301 9
994903105 19
813416191 6
2697639765 19
431676792 19
1406711145 19
1689041435 19
3543338536 18
2671863768 19
3097501046 19
1859101414 6
1961582423 19
3576252679 19
2155131066 19
1208716925 19
1127660429 19
3158648443 19
1374518674 19
2416930540 19
2330041546 19
812115212 19
3872263833 19
3973430993 19
1207701315 19
3527211467 19
2276338766 19
1979194480 19
1789030292 6
1955589191 19
866491652 19
2589514628 19
683609686 19
3856506314 19
720808093 19
3929305847 19
3075368099 19
3088799875 19
3011797568 19
427461404 19
11903787 19
3972732629 19
646018296 19
2290844216 19
4279062820 19
3045816624 19
3367970019 19
1307977545 19
997190205 19
4123856103 19
2687258247 19
2947196213 19
206764612 19
2511306781 19
229173137 13
3523638427 19
2755048614 19
763186040 19
961609862 19
2976183361 19
1445698504 21
4034638970 19
520799960 19
307650788 19
299977439 19
2825393193 21
3969715327 19
2264131771 21
1681044654 19
1416408965 19
634055788 19
3801156251 19
2120756568 19
2278294316 6
2508727449 19
2242962440 19
3932156103 19
4067630893 19
454877722 19
1025660547 19
1409032328 10
2052387140 19
3152867853 19
128524612 19
3679206945 19
2736146723 6
52314898 19
252060253 6
3124037790 13
2793142138 19
4042478309 19
2548917458 19
3005622577 18
900608363 19
1228378097 19
3566474503 19
928194890 19
471563276 19
2479438356 19
630776629 19
612159137 19
1848191402 19
1252414213 6
1955755195 19
3891435469 19
3756872499 19
3232324768 0
1099986186 3
1371708896 6
754463225 19
1845632487 19
2158788992 19
2793106128 19
209851390 19
1214513897 19
3714639498 19
111002220 19
3115846685 19
3664960746 19
2228464007 19
2969801242 19
3253517629 7
2083462231 19
2339675654 6
2484237935 7
3570370223 19
676086731 6
111697297 19
2225529215 19
1608971632 19
1294144302 19
460674740 19
2371276431 19
174453076 19
2325275890 19
1905385960 19
3440462541 11
1795334525 19
4279253267 19
3486385856 19
3117258192 19
3440163555 19
64189071 19
1411668407 19
558488327 19
1647288951 19
3083557905 19
3779950702 19
3390366829 19
3489156023 19
2615869881 19
3491395556 19
2800769044 0
3436227020 19
3198009652 18
3992715090 15
59432993 19
2034066637 19
2158027904 19
3233738292 19
3831962247 19
1357800479 6
2110547571 19
1137730918 19
3275855120 19
1472607726 19
639899861 19
3541673408 19
3824996748 19
3221512783 19
2407754853 19
2103885552 19
2726803808 19
3971339336 19
1216883162 19
687556251 19
4055297179 19
1433222505 19
1862297861 19
632502067 19
4207751256 9
1655671165 19
4050190193 19
2905283294 19
4088850447 19
4088611800 19
258597818 10
2416280673 19
2560493942 19
1433766427 19
72880037 19
467733687 19
137637945 19
3096958487 19
1988729372 2
487883345 19
2572610664 6
3212349193 19
3600716925 19
1919476330 19
1423215012 6
1862593230 19
3898288396 10
2118276106 19
964479664 6
2509954252 19
1927768054 19
2748803535 19
2697091335 19
3352205028 19
3618783290 19
2445628711 19
341342639 19
397152888 19
2927507008 19
1415361612 19
3496285238 19
2440145757 19
3121549769 19
3394535731 0
2989632399 6
3456713673 19
617449114 13
4001198906 19
1469648499 2
2860158261 19
2966797527 19
185481971 19
3969719504 19
2558094226 19
997127012 19
4012323801 19
1806857267 3
1071604650 19
1562579927 19
1602774281 19
2794840655 19
2466282317 13
3313377093 19
2548690579 19
2317974187 19
1120732824 10
2425926439 19
3821546905 19
3949965865 19
3244540779 19
2167155194 2
2098419215 19
4041077760 19
2034053761 19
3552319196 19
1146639330 19
722359919 19
610180626 19
2648932322 19
953930310 19
1743207460 19
2278226490 19
1429564248 19
3447227265 19
1119087265 19
3988571375 19
3622942251 19
747053175 6
3705481146 19
2495558230 19
2472491863 19
3414187965 9
49811908 19
3607991746 19
463052956 19
201088686 6
1697512855 19
3170600366 19
423034740 19
3568839007 19
1925103729 19
1348842881 19
2910670799 6
1970463060 19
2826308014 19
2882450712 19
1788458151 23
3526992607 19
1070091591 2
3860224718 0
4029222865 19
3856642466 10
2483977833 19
2173847584 6
2909982450 3
540417566 19
2413454969 19
689794850 9
2268952769 9
2576004941 19
1718424556 19
61506742 13
3705258754 19
2131980585 19
2213594178 19
3168889786 19
37784800 19
2222076852 19
3573968098 19
1267470029 19
2204286880 19
1557156746 19
1012478649 19
3374867521 19
975186029 19
2508759504 6
3593091763 19
2808914148 19
1169204740 19
1266745554 19
3850661626 19
815674318 6
4260527631 19
3356994361 19
4209908171 6
634926743 19
4045056759 19
2113905785 19
3009535395 19
676710945 19
1622881449 19
2096235046 19
2456221890 19
4138310958 19
1670333072 19
3579877260 19
1389031439 19
1366286970 19
377654938 19
378178292 19
85082265 19
1521932614 6
1235996725 6
238304622 19
2685049619 19
1677736 19
946863527 19
2203221005 19
4129998704 19
2486672495 19
2939193499 19
2514288457 17
2294802839 9
698891425 6
2802054610 19
1376534654 0
503115708 19
2259191738 19
874222463 19
3019072441 19
1584913075 19
4291673178 19
1284157111 19
87197181 19
4110352980 19
1376746428 19
4286155936 19
3200823589 19
1470855836 19
3489530724 19
44046704 15
664601740 9
806091502 15
883047186 19
186330253 19
3548837476 19
2718277764 19
1613209073 19
2209752043 23
631640429 19
754242056 19
3075716334 6
3142527294 19
1347634743 19
1988749933 19
1907781857 19
852074081 19
2324591091 19
1339819342 6
296501224 19
1999078141 19
1065006502 9
2882057986 19
292098438 19
1651757927 19
1721770567 19
2863052763 19
2924828690 19
1272784270 19
3220677227 19
571457812 19
331749278 19
3586826055 19
758471310 19
3667436537 19
2526743196 19
489356195 19
1678507920 19
2336227295 19
3942157179 19
2690140991 19
2465752360 19
1096673906 19
2932488101 19
1115651900 19
2239410568 19
4186992941 19
688064066 19
2709113489 9
1644468701 21
3417983420 19
2649895725 19
1402868206 0
2213099036 6
3101347127 19
3283813312 19
670182599 19
824330909 19
1666019339 19
3650421019 19
407236126 19
3166186793 19
1422534789 19
1495532886 19
2989517060 19
2341035041 6
2092932473 19
2894272760 19
825553911 19
84110665 19
4261958973 19
3479681490 19
777779746 19
2368850640 19
1131278392 19
2918663904 19
2811532215 19
639209908 19
4087708855 19
3842541387 19
2004808419 19
1293355418 19
1769157799 6
1083797817 19
3277171284 19
1015571362 19
344210678 19
441124159 19
3487661631 19
113052911 19
329776195 19
2669085327 19
966057752 19
3436484125 19
1891408258 19
1344446136 9
930012565 19
1850824581 18
864984531 19
305856724 19
1193013767 10
258930155 19
439038180 19
3208018418 19
3111581359 19
2906858996 19
1657785836 18
1038737185 19
1342150174 19
3967074094 18
3269010609 19
2403702683 6
1233346243 6
3118167800 19
709990993 6
3974261374 19
4037723480 6
1427593294 6
533829376 6
2050510888 19
1441000187 12
1794703681 6
3245171924 9
531326904 6
514518665 15
2866630120 6
1726428644 6
1211927124 6
3254771511 6
3870604212 6
3959503790 6
649648301 6
1769069598 6
2260115928 6
2628131235 6
1072813799 6
3921467447 6
822842086 6
3645685211 6
3317329132 19
748052165 10
3777073553 6
2276155242 6
1732628311 6
2312119133 6
747623486 6
1315666521 6
1467031305 6
129176513 6
471049852 6
1738175192 6
3755890618 6
3990895555 6
3326487271 6
4006628083 6
1660738536 6
630609803 19
2028777410 6
2530038818 6
3234642685 6
1008477038 6
3213449337 6
634929546 6
2207564615 6
3066190365 9
383812009 6
2616332165 9
1765202174 6
45816951 19
1272372271 6
1483569826 6
4026218711 2
1383414833 6
865462048 6
2897202838 6
2652969439 6
1915792183 6
4052441340 6
3468059687 6
2609897083 6
3614994384 15
2904621573 6
2359734443 6
2484112599 6
1903271511 6
481834863 19
2061016586 6
4120486228 6
265582508 6
562054811 6
2054462019 13
1764956602 9
3104172156 9
1766543553 10
642114549 13
1611163163 21
980681886 6
2283705944 6
1878107667 6
19509034 6
303006989 6
2149419893 6
959292158 6
585231306 6
3764781278 6
2712070371 6
401053179 6
2965504472 19
595041270 6
112107913 10
140111026 6
1638820826 6
771294216 6
1227497443 15
1106922561 6
2835800769 6
3116550509 6
643348659 19
1876492252 6
1768909929 6
438325076 6
2834752827 6
3999503629 6
347988368 6
4054581842 6
3959564476 10
416215269 19
2213628277 6
2640850807 19
1433784970 6
104465073 6
1970533249 6
1093838623 6
3750243328 19
1172771799 0
120844020 6
2704731308 6
2489276638 6
869632080 2
4268167519 13
3842459270 6
2988759664 19
2470784135 6
1023165973 6
2327790167 19
2625709191 6
3228335841 6
2717782161 6
3313609034 6
576886281 0
1975134053 6
1950189607 6
3271799816 19
3879223919 6
3198198674 19
4235664051 6
2234498846 15
1789326313 6
3627993088 6
1379296399 6
4206394605 21
374514408 19
3010559241 19
2840990336 6
3342362535 19
1226057122 6
511131878 6
1972722710 6
565344129 2
940443764 19
2571198338 6
1507977597 6
1083193776 6
4122997291 6
2515193069 6
3536260967 6
1405621502 6
1626140772 6
346807451 6
1099610017 6
3445607032 6
499193925 6
2940790593 6
1533775961 10
873532270 6
1383255361 6
2166501558 19
3568503750 6
1552009587 6
1925893283 10
359334838 6
4643456 9
3708013221 6
4197726500 6
510792816 6
2444607260 19
1160940511 6
1986263615 19
397131272 6
3127926137 6
1993377446 6
723438480 6
3415961982 6
209905173 6
3024124571 19
841177931 6
3998013510 6
4208469599 6
634696966 19
2913351661 19
928174718 6
858045506 19
511279678 6
3579051275 9
140392557 6
2712051673 6
3974819154 6
65938749 6
2748661083 6
3284896940 6
1782663935 6
3000856267 6
1542789393 6
793155201 6
1638914559 19
1652744381 10
4220359858 6
633143628 6
4152962738 6
1865451816 6
1189919935 6
1649164969 6
966648675 6
2614482324 6
3046902996 19
2040629277 6
4043652243 19
3937482927 10
1383198206 18
2822300793 18
846244946 10
273576878 15
4241937123 10
570804616 18
3307381153 18
2029127669 10
2594863431 18
303839650 18
1233319259 18
684800750 18
1190028194 18
3563882497 13
4274131 18
2735169111 18
1818195671 10
517162238 10
1917817156 13
1883140320 18
3920346674 7
376406190 18
2782094827 18
2019132569 21
3288644457 10
3584932437 19
3133794183 18
2922691540 18
4227970308 16
2554457103 6
3605269886 18
1787663502 18
512349004 18
3357042300 0
2694035193 10
588384204 7
2867795389 18
3741486390 19
2796485634 18
128770352 17
3556431559 18
228862790 18
2017618217 15
801057331 0
673913387 18
3246757495 18
1246832505 10
2253932286 0
751092509 18
3440887745 18
1028790894 18
713695965 5
4290124915 10
2089782405 18
2157979884 10
4206591674 18
3158921511 18
2153023528 0
760466491 18
1621576110 3
1571676856 18
2582297904 19
3953773596 10
2443769496 18
3131939702 18
930390059 18
3841058863 10
2958269148 18
2527130071 1
2781367685 18
2800511970 10
2669665859 18
3755297145 18
1871536804 18
3693835695 18
2398397384 18
1151580341 18
3543296940 13
3749183709 19
3312608318 18
324895424 1
452587690 5
3649682407 10
2764247791 18
517439538 18
365062591 10
305464518 18
3203562964 10
3910268551 18
1337137666 19
718918252 18
3424985447 18
1463713773 15
707107145 18
1345975916 18
1208548919 19
770116633 18
4003213946 18
1922557353 18
2992760893 18
3300148883 18
3594631984 18
723858732 18
1510442962 13
539173185 18
430353487 18
1832593451 16
2025272446 15
251408725 15
995246825 18
436210182 18
191444900 15
615818331 19
4255362796 1
4285398064 1
3374008361 18
3703160374 10
1059369077 16
2373929472 18
802240121 17
3432920105 13
3438996605 18
2715372455 18
2777237011 3
2857849311 10
3139608091 18
4048750036 18
3403558443 18
3316877973 18
49079592 10
3629411384 10
3668701454 17
3660058671 18
3972242697 3
769843678 2
4178715962 3
3555016881 3
3597230413 3
302095091 2
4243319054 3
1068716490 3
2845840062 3
3996264601 17
3561665567 3
110817521 3
860496718 3
1910502802 3
1881393023 3
708936438 17
2278177320 3
4137840998 3
2126649459 3
3111120393 3
3256153408 3
616480925 3
3481513212 3
3787180850 3
2008690764 3
1576585409 3
374605789 3
4260546922 3
1606285472 3
926698212 3
2747671531 3
158829597 3
1489087639 3
4241485203 17
3289287690 19
3796407620 3
1606915964 3
2547905119 3
2348266369 17
3524026073 17
3833040029 3
4106270975 3
3972232775 3
3726711458 3
2946054513 3
2569262608 3
2035331370 3
4108082114 3
3966969975 3
1829371401 3
635960970 17
330519221 3
3198790917 3
2176912645 3
843364852 17
3939712322 21
631453761 3
2493334137 2
441700259 3
1621899998 0
1529774447 3
2688340547 3
427713881 3
1191435470 3
1781241887 3
1133209415 3
180913041 17
2591270204 23
1080777821 3
1240623704 3
3529905724 2
4097015175 3
893227536 3
2569842285 3
2922189504 3
103108643 3
2821823234 3
2866890725 3
286748654 3
2231923037 2
2586156899 3
2221226566 3
91488838 3
1593057308 3
1534059789 3
1116349370 3
1977941931 3
2990190595 3
1868965803 3
2836271852 3
1918261364 3
1975734679 3
2776414506 3
3865034361 3
621040585 10
771239484 3
368825455 3
341285286 3
2102613357 2
22341959 3
2900941571 3
3453860535 3
1958361285 19
3448302473 3
359120949 3
3737445984 19
3244202007 0
325863120 10
1267650986 0
3099250780 0
844953760 2
1403469756 2
2063605905 2
3729534351 2
2063094722 2
3488948722 2
3007329650 19
128040589 2
4089605044 2
173371252 2
2485019143 0
4076126644 2
1113350730 12
1415168075 0
2389139244 2
1116216404 2
3621977546 2
615665806 2
750190806 2
1797743878 2
1429685892 2
1409208187 2
1902343152 2
3986415039 2
1389553644 2
1258328850 2
708068166 2
525511811 2
1972292339 2
1813203526 2
1802382844 2
748518432 2
3303808760 2
2363309105 2
2998746284 2
2486244844 2
1385689322 2
194516419 2
1416015293 9
4141443894 2
3539108060 2
1627407723 2
3332187453 2
3169911903 2
2553761155 2
597579641 2
422112323 2
2058996673 2
2482685396 2
3165897285 2
1780997695 2
1666281636 2
1875715863 2
930136064 2
2569873469 2
4193805137 2
4071082094 2
1083360403 2
2770690827 2
103551389 2
3041195526 2
359405024 2
3384553923 2
1066797910 2
890738561 2
2230073228 2
2282304240 2
3753886261 2
108909810 2
2964409482 2
4140262561 2
539076579 9
2479194457 2
4267481156 17
2202930644 2
348429275 2
73112237 19
940544073 2
3480876889 2
3025968099 2
2954091738 2
2513062341 2
795356613 2
2369068251 2
156300108 2
2900438748 2
2638914495 2
2869621883 2
3392578604 2
3169811258 2
1824071359 2
516181800 2
1743429039 15
3568381755 13
1635131076 2
12373274 2
3061283282 2
3113535012 3
3236094991 2
1920447806 2
2453704732 2
558754251 21
1256245284 3
2499794638 2
2102313834 2
3097301901 2
2640736529 2
525007625 2
2490249162 2
964308976 2
820933783 2
878211071 2
2157076996 6
2499920243 2
3553612181 2
2730524152 2
2039261177 2
1837316582 2
965037288 2
1158514647 2
621221195 2
289946407 2
2877313682 2
2511550887 2
821746416 2
2255937686 2
3741458041 0
1498905161 2
2570619867 2
2474679442 2
1062434609 0
3560403146 2
3562433482 2
1909703354 2
509516401 18
353638321 2
668391241 2
3428064615 2
3873794233 2
467367180 2
594699604 19
59738672 19
237489057 2
3912721330 2
1321729798 2
1713444059 2
2824563316 2
3697002121 2
2386669585 2
1604379885 2
2917297744 2
487779079 3
626958233 19
2642973783 2
2793332911 2
500866426 2
4179629420 2
3772762188 0
2805205791 0
758800489 2
1071843127 19
3372700121 2
1819140537 2
4039866719 2
3951155099 9
2451749006 2
23708456 2
1764502561 2
1046295548 2
2249355710 2
3419499801 2
1748786797 2
4015641857 6
2097465735 2
229492748 10
1499052617 2
2100899870 2
4241096190 2
3782886866 2
867937953 2
3994573218 2
2238596442 2
309289298 2
4195089888 2
518541968 2
382517038 7
4041037248 2
2048015202 2
3013046898 7
2927846544 2
892685020 2
3106234065 2
3245711914 19
1256545214 2
1868077328 2
2357564100 2
3371472474 2
1571046256 2
1560748904 2
2466967408 0
2687401688 2
1504443457 2
4233887185 2
606906370 2
266311039 2
3409500886 2
118665914 0
942548447 2
926904357 2
3011469650 2
3560360834 2
1962609334 2
3173687622 15
4049557984 0
3638889784 2
1371349759 2
278793673 2
784420702 2
3650860134 2
3713625105 2
3285365326 2
3856749144 2
2727148670 17
1411238015 2
2112903736 2
38153376 9
3083255646 2
4257327992 2
1525411081 2
2998172376 2
1985800043 21
3254676119 2
3776077237 2
866173292 2
4090531607 2
4020186586 2
716145142 2
4059138651 2
484418580 2
542152642 2
921362198 2
2513760274 2
624610591 2
3731182548 2
2022687899 17
3499071607 2
1935108114 2
2426256763 2
3398482454 9
3175910034 2
2053552870 0
2595734100 0
2530135328 9
3391982422 9
3801920876 2
3286230617 2
891251730 2
700928135 2
2863906799 2
1753461130 2
798663397 2
2240534129 1
856761422 19
1293850715 2
2251151040 2
644446982 2
3697497867 2
319476926 2
2784668218 10
3558081699 2
3284987077 3
685681325 2
450032841 2
716564419 0
3833106143 2
145602310 2
2121597067 2
3671683306 2
1771124512 2
422554687 2
3904605168 2
371416583 2
267004666 2
323971272 2
1988537763 2
3540744069 2
4161600292 2
2048531675 2
3092810557 2
3609201381 2
968209663 2
2034682523 0
3372069199 2
78919360 2
1142988103 2
2147728309 3
959388287 2
3057098186 2
3819483732 2
1181049540 2
91851492 2
503209916 2
2659989525 2
2030628645 2
1077856764 2
157111492 2
687120847 0
1500048787 2
4215366734 2
20045519 2
3889926767 2
1301747949 9
1342110530 2
2019483804 2
2554902886 2
1318990461 2
3684211617 2
501812572 2
1835031852 2
1185091991 2
2517750631 2
2027709662 2
1076566382 2
1024623861 2
1158195262 2
2488875665 1
1951633847 14
4210663333 6
1621302488 2
3200098421 2
149278534 2
2737943649 2
2572590181 2
4217290174 2
3693674495 2
1829042822 2
608848176 2
4048728371 2
2775755320 19
861626012 3
2636803775 2
1661902312 2
392049035 2
2369418079 2
687032159 0
1697141795 2
3933323801 19
3007070684 19
1021668239 2
2941471405 17
2335787381 2
2626078553 2
4049642886 2
1742917498 2
565768385 2
2172805656 2
181477279 2
1227859729 2
2355546746 2
2769317319 2
3097122112 19
2938451398 19
3244632310 2
3573579267 15
61315988 15
1290913497 2
3258721861 2
847450581 2
451070745 2
3755902775 2
1529948621 1
634246055 2
1059265707 2
1464652939 2
854131213 0
2284042100 2
3494110072 2
2865525809 2
2632289389 2
2508424278 2
3501858195 2
1318551692 0
658965991 2
825394145 2
2239185141 2
1855178686 2
3343850888 2
464472403 2
1585532098 2
3843525053 2
880696931 5
1044431514 23
2347962569 5
1993845199 5
2574687881 5
2109009429 15
2533702204 5
3562453083 5
662255749 1
3389393168 15
3952421137 2
1636397705 5
1755193728 2
3932376920 5
2746803013 10
2561590222 5
2566455452 5
3987592669 5
3921383718 21
316698841 18
3743073975 14
1434138268 15
3551709169 15
797485253 15
4168755660 21
3485672031 18
2775118877 10
711090500 15
4227625890 10
2556255709 7
2423444493 15
586302484 7
4206598664 15
734779972 15
42297931 15
2463611662 2
400779787 15
630248236 15
3237348395 15
378479648 15
923522546 15
3244544175 15
93252296 15
2606146417 15
1243858826 15
124258007 15
391892778 15
2240698278 10
3564119435 15
1105072817 15
3984534223 15
810244480 15
892191228 15
2467695340 15
521706266 15
3269927384 15
4167703283 10
4015793694 15
1186327968 15
2218339321 15
3937965862 15
3060676852 15
1911553318 15
2945538049 15
663897415 15
2298076816 15
1034398392 15
3224699097 15
895611537 15
1069780738 15
3450356057 2
4115399884 15
725440546 15
15937515 15
541911599 10
2059558428 15
820212154 15
3596247227 15
3138856339 7
2471663940 7
2861895710 15
509691719 15
1820879291 15
51509699 15
355261689 15
3296211439 15
1393767453 15
1363800378 21
2485300073 15
3254421398 18
3523550132 15
2164540106 15
4249909425 15
48217615 6
1764891370 15
3826685863 5
3734428172 15
1357191143 15
1543352988 15
697684985 15
2788393173 15
4277013413 15
14052676 15
417519750 15
1201759851 19
598946125 19
2912590904 19
2850939921 6
1312016825 15
3903204416 19
3571304495 19
1007868862 15
1131637349 18
1354623882 21
114290740 21
1118849971 15
1800290195 15
4272270413 15
3647182772 15
2626975158 15
2625839459 15
1957988039 15
173069383 15
1410892460 15
1776065093 15
1483427118 15
3468309782 15
3304216254 15
547994853 15
2763464404 15
2821587943 7
3186453770 15
499343588 15
612723395 15
4268330561 15
3335185539 15
2690377428 15
3908513176 15
271993685 15
947170387 2
1607062870 21
1868324733 15
2618836272 15
4243320648 15
754282661 15
1203885017 18
1816570295 15
1468638794 15
1648089260 15
1172342912 15
716651054 15
3581917359 15
777114330 15
905113971 15
2904491370 15
3406652734 15
2695873215 15
2251771910 0
1479445061 21
1562344459 21
1765141236 15
2426538332 15
164147989 15
3788382461 15
3938768258 15
2136020527 15
2017833480 15
639007010 15
3125878783 15
2195703496 15
478272748 15
176797910 15
215862011 15
1744452065 15
2217466857 15
2846502430 15
729323115 15
584136508 13
3987542015 15
1824135477 13
1370021517 15
1006679186 15
73004385 15
2651701927 18
574470080 15
2507998029 5
3467050738 15
4255111026 15
629747008 2
4029143511 15
1237802294 15
2185521140 15
3894703688 21
1735678799 15
766330035 18
3061068361 21
1614195950 15
2757309171 15
1248909554 15
1748335554 15
2355486593 21
2104893270 15
2198330371 15
3875278519 15
561505982 15
887551570 15
2099789026 15
3080206560 15
2677132898 15
786805138 15
1572042897 15
4089999901 15
244624829 15
2891398242 15
873767742 15
2258895291 15
1076416855 3
523634734 0
2966506893 19
610420526 13
217568033 19
371350497 19
3932398527 6
4186343091 18
3704041721 9
993322429 13
1666489706 15
3236655956 15
3408947883 13
2108153701 9
3014585240 9
3607983908 13
3751050706 13
1806141967 13
2066231505 13
3156966339 13
3710714913 13
1915550355 9
2378966751 9
1233179194 13
1186471987 13
4013503321 13
3758397516 13
3315588115 13
3703452070 13
932768007 13
618031063 9
865752032 13
247334819 21
3337624413 13
2190414145 13
503494475 13
349076368 13
317244819 13
3570811389 0
1550990529 13
4162814775 23
1335310722 13
2261059162 23
2400237643 13
92654665 13
1420456431 13
2943639823 13
4234887291 13
281027569 13
1742409472 7
555731425 13
546426200 13
2012076902 13
341524093 7
3185318103 13
1919214428 13
2330413005 13
1488226236 13
58813532 13
1242510102 7
2914807126 13
1532442029 9
3264424317 13
3051679598 13
2410086723 13
2384080539 13
3201714107 10
3898293737 13
603340196 13
1608056710 13
3095869436 9
1353839015 9
187930282 13
1802444773 13
1702858620 13
2366230469 13
1685536487 13
1883073184 9
2011528496 0
2414604245 13
2588391823 9
2171829285 13
4141072931 13
1229582590 13
1938958839 13
1888363886 13
38471468 13
76637386 9
282739918 13
1389194021 13
11319616 13
3542385377 13
378478939 13
4054457222 13
2274733192 13
1665799666 13
1092081197 13
375495627 13
3950342743 15
2648092463 15
3067486642 15
2334651301 13
3452442894 13
3028951676 19
651261109 13
1560384725 13
827545217 13
2969744075 19
1067711062 13
3621275862 13
935671871 13
728826496 13
4090987846 13
4281705851 13
3814139553 13
3534522796 13
3153954773 0
931972364 13
3247042931 13
3711535155 13
243128769 9
2933668247 13
4023404890 13
540449894 13
3498332729 13
2748944891 13
1852303497 13
4195834759 17
2319356089 13
2170359585 13
405528322 13
2106675969 13
2131770801 13
3635273278 10
192443467 13
3358525902 13
4189852123 13
4047925201 10
2983545619 9
115374728 13
3393275643 15
49428474 13
963499301 13
2640950565 13
3409024984 13
3682285572 19
3260052776 13
2326886099 13
3290193600 13
672121991 0
541221522 13
3358855985 13
227166314 13
3081030612 12
2749585954 10
4168008345 13
2562542445 13
3494634495 9
3681679008 9
495231855 9
2292946872 9
416312950 9
1585279980 9
4086067874 9
1825600020 9
1096691864 9
3318490731 9
3393389459 18
1532572427 2
23446357 9
3749733973 9
400302513 9
165518924 9
3112422991 9
263126872 9
422448057 9
1812026502 9
485707038 9
299422612 9
1834627636 2
1794255249 19
1096227267 13
183874747 6
678290387 6
1319573924 19
688398717 21
1907038958 9
325302372 9
173498275 9
2023952352 9
4190516878 9
421068598 9
2034056482 13
2637227692 13
1126679411 9
652666304 13
3968533454 9
1609829202 2
4247427057 9
2118325110 9
2965743516 9
651228527 9
530110925 9
3980857616 9
1399260438 9
4120396532 9
779936977 9
956370961 2
359548652 9
2109350949 9
2026336022 9
3746983820 16
2332666108 9
2790691551 13
2024124084 2
123356854 2
1040896318 9
2421874599 2
3566879446 6
3523455611 9
3294809855 9
784082901 9
634871106 9
3869562940 9
1904755586 9
2549382542 15
3039489190 9
768573895 6
3376291312 6
2865216151 9
2003965081 9
3023574296 9
2700506671 9
674147198 9
1535143727 9
250910445 9
3903523393 9
559023536 9
3371363180 9
3376783827 19
244654310 9
2476908206 13
1954092581 9
1492479335 19
666822528 13
2051733354 9
4040609086 9
3794691128 6
898004605 9
2501909517 9
2199277279 9
3206251192 9
3214873504 9
1941615857 9
2662614362 9
4083713481 9
920308106 9
3499783130 9
275514756 9
3125692442 9
2924604568 9
784173838 9
3754288236 2
1836339465 9
1526537978 9
2741929828 9
3659560932 13
1565504500 13
1730702537 9
1722791392 9
3387987539 2
2811512514 2
4041365180 6
3915853835 9
1664956551 9
3611068243 9
128702527 13
1179256836 9
2407753437 9
2884775750 13
2784421417 10
1562441135 2
2475287335 2
1565975744 9
879517198 6
138217881 9
151970134 19
3794820310 9
3952079213 9
677902303 9
251744646 9
478690080 19
98351364 9
599725933 9
1344430672 9
2296710684 9
136594314 9
2561734206 9
84036616 9
3622636543 9
4176863037 13
1436545925 0
3085897741 9
3015470715 0
3085025788 9
1115725139 0
3156975370 9
3652151940 9
2071820379 9
3137284882 9
2709505588 9
3995535135 9
629957747 9
2187326432 9
3855786905 16
2211628522 9
394324134 9
2699412192 9
755844728 6
3759148502 9
2796598896 6
762490871 9
3957778457 2
31139551 9
286994602 9
1709320690 9
566108171 9
3231561659 9
4290657659 9
3000747256 19
1203466185 19
151119714 9
3245606835 13
2521774822 9
3451797185 9
1843873029 9
2835294296 6
3496931672 9
2991206462 9
2933522455 9
3353758457 9
1049830962 9
358358255 9
2898656185 9
1012810409 9
3096383359 9
1195151639 9
1316092584 19
2850827569 9
3360676613 9
4123105192 9
562953978 9
3718121469 9
1650068564 9
1617119411 9
3392517907 9
3555970280 9
2168626681 9
1699993751 2
3245832018 2
2556582267 9
3384568631 9
2935363413 16
174576328 16
1568318947 21
2077828642 19
2795253878 16
3801081047 16
2683732875 16
3615158572 16
3369049279 18
2803671213 16
3727054073 16
1653741030 16
1941986794 16
3420232888 9
3150968152 19
762923349 16
1242660026 10
974984395 23
2555305393 23
1801084692 16
2044390444 23
3988032079 16
2916659569 13
1851018497 16
2603366180 0
2660168877 16
3278327704 16
136788484 16
1998971240 9
4271604706 9
1318023530 16
2908119699 16
1789383334 21
386035742 23
3370687176 23
259929155 19
1079353434 23
2737393131 23
2352664949 19
2357801834 0
2328458157 19
2619880861 10
1492828249 17
1174715512 17
52865490 17
1920707544 17
1115067332 17
2776925905 17
607125230 23
553975075 3
700448044 17
1331503988 23
960914192 17
1230626559 2
1860686308 17
1753004356 0
3461988455 3
677991380 3
529002508 21
4005359047 17
263173655 3
3664969931 17
3653654090 23
2280287882 17
3096854037 17
732486666 17
3293600154 23
1795033961 23
2675597435 23
854426456 23
2386506184 17
606297600 23
1085115652 17
550273199 23
4118258968 17
3180764898 17
1667170811 17
3325735305 19
4232983639 17
3390900563 23
1011729958 17
2956820032 21
1263911942 17
1147385142 17
3038034668 17
4042416162 2
2322905312 17
2916116069 23
2353217809 23
2219028084 23
1839488917 17
756469786 3
598184186 23
2387506344 17
3587747362 17
537416754 10
2762441460 17
3650609695 17
908676520 17
4258036024 17
1453168690 23
915837344 23
1107555652 2
2263317601 0
2851077031 17
3482386056 23
1314414362 23
3697075015 17
135588179 16
3621543638 0
1569250683 17
2639345014 2
2115831161 17
3381239336 17
1825254338 17
747185227 23
2017123233 23
2483231481 23
3274416413 23
3633866795 23
1938837006 23
3427601116 23
1281808725 2
2001430817 23
3348793633 21
4178532107 23
2311339548 3
3376050930 23
1534079690 23
2652345811 23
3425838009 23
1953693220 23
354547436 23
791329966 23
210455764 23
2324113639 23
3252596515 23
481107209 17
3432383642 0
1732520016 23
637561767 23
3543065552 23
1284708485 23
2441647193 17
3148908034 17
2410343560 21
86816768 0
3207012543 23
3424967748 23
370504543 2
193111241 16
2953449818 23
3857009806 2
1562134539 2
683059827 2
4023155950 23
2135026874 23
1129386876 23
2089706464 23
1780161018 0
891902363 3
321441431 23
4048039902 23
2301273685 17
4093891418 19
2613044692 23
976891058 23
607651400 23
3655357182 23
1618782986 23
3994490859 23
2415393651 19
1366172099 17
3903179524 23
1007476152 23
1320629572 23
1191871572 17
1494942502 23
2431981588 19
2654498836 23
2823542098 23
3716493206 10
498775974 10
171870775 10
2920005736 7
1134473265 7
711109309 0
3993015861 7
1017419765 7
3162352693 7
140010495 21
4226974827 7
4167815629 7
1510698275 7
2888261758 7
4063693072 21
2286516461 7
3891491948 7
2274255833 7
4169152277 5
3117290676 2
2332489970 21
979647109 23
202899071 19
1494329832 7
261535483 7
619336434 19
3663608003 7
3397621673 7
207583073 21
1185920298 7
2803712394 21
722950447 21
3791287737 7
797593324 7
3711833290 7
2755889375 7
1028388307 7
2694830585 7
4061303619 21
797313028 7
661117021 7
4133270072 7
2547351802 7
2678338642 7
749106265 7
377248454 17
263176375 7
2246975084 0
468414059 7
1670520785 7
3387776011 7
3792432738 7
616940901 7
1908553816 7
123180886 7
643992941 7
3166543142 15
1678491829 2
2160448957 7
639763937 21
420021162 7
2669492673 21
4191921686 7
4252751373 7
2151899211 18
2694900075 15
2210890526 11
4226605079 0
3486287545 7
1252391434 7
3916690277 19
1406406242 7
933695409 19
1598291824 13
1597041682 7
1802936246 7
3804737300 7
441559746 7
2589077439 7
515565737 7
3455365570 7
29593081 0
2222873335 7
4052076546 7
4047445900 17
1938249495 7
3738104222 7
138246993 15
2291412750 7
1213933300 17
2957472104 7
3539357271 7
3983813830 7
2213247101 7
3986351115 7
681351860 13
345904710 7
947705753 0
1739098369 7
2144990761 15
954791585 7
168411377 10
2790801911 7
2667116368 21
2272270266 7
876461361 21
4113650695 15
3843630652 7
471267868 7
3297739011 7
2818990015 7
1417130749 7
419862145 7
3289502089 7
370574854 7
2225162539 7
1036636461 7
3021966574 7
2122960810 7
432617408 7
3609990062 7
2555979909 7
2475610736 7
1113374428 19
1764619812 7
624828824 15
2595397994 7
3870754957 21
345861132 21
1393203205 7
2911344177 19
3709988725 0
2533419036 19
3397618227 7
819379462 19
2742319996 7
2320393325 7
1307260881 2
3664923775 12
2241744012 12
1717834771 12
832159272 10
508707493 12
3277932566 15
908853122 10
214742686 12
2195244307 12
989870438 12
114374360 10
161385947 12
1150149410 12
3801810646 13
2787937841 12
182158478 12
1274487419 0
3269276206 10
1069678041 12
4204332127 12
2379938090 12
962981489 12
1253664136 12
1865361226 12
1378508088 12
2448313100 19
3359579863 19
3112475106 10
2285015237 12
2826941889 12
3392517327 12
3064912978 21
3380658931 2
2705917389 15
2732413407 5
4241954833 5
3374313330 5
4402857 1
1400329368 2
1956904273 1
3002371078 9
2102287635 1
1257191372 15
102746618 1
2294417689 1
2067867120 1
157086944 2
888557752 1
3384416562 1
1473554998 2
756834665 1
673051538 1
496178908 1
2773697342 1
769560316 19
48542961 1
844763750 10
169672214 19
1785602942 1
730161328 1
235588870 14
3933510060 5
503152263 14
609223603 14
2326126757 14
3234291232 10
852733286 5
4007062855 5
3989657808 8
590367419 4
3762480642 21
2090263596 8
4070899381 8
4022351210 8
