1037508958 19
184090414 22
2322512349 20
2593619610 0
2535901933 0
478248357 22
1128744089 10
2747468607 0
4074147081 0
685597597 21
3548352931 0
1901043715 12
4148803665 22
793323961 0
2623512441 0
3574888397 0
2633635369 21
1452365444 22
2678524281 6
1009310420 10
431108887 10
233184470 11
673444112 0
2356561134 0
1620179565 16
425122371 6
3307072449 0
2788563137 16
1394443651 10
2731592239 6
2641047184 10
3509578028 5
2389931074 0
4223369662 0
3974573611 19
2598169446 0
453526323 0
2653285978 20
2143157341 0
3158002817 10
2341585070 0
1618280276 11
3100567977 0
3941489409 11
739707997 20
3317070418 1
2809598621 15
3236900573 18
447758388 0
2321708480 2
2134409940 15
1348569198 0
3489564874 21
1007521363 21
3570602342 19
69749564 0
2204626427 0
196403537 6
2684034262 0
724344157 12
753385518 0
1158987573 22
347438589 23
4177149954 0
1378556949 22
1518611574 10
3332380692 2
2817811031 16
2729970765 22
3028419024 1
1868527415 20
3966085242 22
1533580676 0
3227222573 20
3983894170 10
465895827 0
4044040664 0
2332317018 15
2389166076 0
3503615096 0
4010542502 22
71176823 0
3181006362 21
688667654 20
3911087616 22
3780691472 11
3180119131 22
710306908 0
2088173870 12
2198316800 10
3485286338 5
2410348323 0
2651670672 11
2776482242 22
545244044 10
1810061715 0
1145412348 22
2341124950 6
483632716 2
522214249 20
1649386800 17
2132736463 11
3887145528 0
1856652175 23
1790178826 22
1621748193 22
2065952609 22
3130296258 11
366480574 12
914987599 0
3677950583 20
3990051964 22
3500514331 0
4216216723 0
3741791257 0
1850371455 0
616033819 0
1068793066 0
4174845650 0
2616965876 0
3676601151 20
2791596935 11
1720999475 10
3169226430 22
3459462597 10
238654550 0
2625640698 22
2518199838 16
3944724077 11
832646936 10
3008882320 0
3575531909 0
3248135065 0
3515312117 0
2281919350 15
1139100386 0
4126047583 12
212155902 0
2247228830 10
3264720274 0
25530675 0
1278956839 11
2251069966 10
2879048439 6
1547931375 19
1356689957 10
57512348 11
3996662383 10
3338107151 21
1799638319 22
1931763827 22
295397666 0
1111953568 21
2710784213 10
2917626331 0
1967986236 22
2882742421 12
871048054 0
1656818058 22
2453300868 22
2204341870 12
2299850364 10
842951585 6
361257409 10
2516865989 3
1269964721 10
2190470956 19
877429949 10
1832630934 0
2056617277 22
1989365410 11
2856724182 10
1244161371 0
2993342970 0
2579640717 0
4052005703 0
3914570054 11
1696923075 21
1589855528 21
1265151355 16
3574655507 0
1836732283 16
3391413384 12
3362963626 15
2717789718 10
2557762484 12
578408760 2
626650727 22
3793665597 0
4189688618 16
3337767352 0
2835905559 10
3979753516 16
1260298155 11
2350317043 0
1756289280 0
2686085056 0
2670718345 0
225830521 22
2907102632 17
2579917223 16
756631754 16
2622085364 6
221972676 10
4086499479 8
1071804416 10
1602646517 0
2272641731 2
794899264 0
805509210 22
3383639174 11
4209646716 0
1727924661 16
3191983440 19
2597569395 0
2144794767 11
1672029788 0
2310721898 0
37366273 10
4072859725 1
2780183017 0
2658818913 10
1536233649 22
3884532461 19
3295711821 0
2366866284 0
2051354441 22
3017902574 12
3533989209 0
2877998562 10
749613768 11
3722051407 11
3401735876 10
3171299305 22
582704299 20
2917450444 10
4122583408 0
253020804 10
3280815103 10
969538216 11
4138131680 22
2953821275 0
3739036400 16
1687169961 20
2094899700 20
3509696164 10
1267643346 0
1695777030 22
3277444683 6
3636867965 15
3001587331 22
616950769 15
771944494 22
636735779 21
840132978 0
627347274 20
1062989727 11
2907466389 20
3173179145 22
680675054 22
3414205656 0
151460241 15
539475342 10
2201623867 16
3790337704 10
260918333 10
3227073307 0
2850958059 0
2236176940 20
2987636366 17
1990013803 20
3314340146 3
1094791146 1
1632917908 20
870208371 22
3306309803 2
538886585 10
4047155842 0
2858465248 0
2812054821 10
920268056 10
2621543078 0
2491957100 0
3328640473 21
2984782692 0
1627851771 0
2376752138 1
2514469871 11
1217577506 10
562908283 10
1178918094 17
3916338847 11
3312179057 11
1906413559 5
771761674 0
3331340463 15
2906464138 11
2572997895 0
2947682628 10
1268353605 22
1363987251 20
2651045397 10
1307040322 10
261750570 10
3168887067 16
651368883 17
1966867958 10
1139048141 0
1465125634 10
1769124305 20
4050010164 21
1979125931 11
901309842 0
732848402 12
916711465 5
3470207396 0
4096471825 19
2431656820 10
3314650696 22
1921804385 0
677637546 0
3916755009 16
3579940203 0
3761032601 22
2204112722 3
4018102399 8
4261962895 10
3633014907 21
983139358 22
3457920989 0
811630989 21
3013242541 11
1829023931 12
1986522375 6
155708172 8
2823809714 0
1985887307 22
3089647212 0
855137144 15
3803757716 11
3578690382 0
1337404094 0
4060848765 0
660359857 0
3134349116 2
3808449234 0
1708448454 22
2187215406 10
3329653953 11
609053170 17
1749401299 11
1076638132 3
981530001 0
2754071142 5
1184183366 21
3555198158 22
3414339931 22
3171292699 15
154133573 0
2966603375 10
437502641 10
2911882665 10
2323164496 10
1378315928 10
3319195369 0
1303074868 22
811515313 15
3352763450 10
1610665665 6
1613256130 0
1632063009 0
2967152954 0
1778908380 22
1108375408 18
830628451 0
2353848570 22
4161715713 0
1040315131 22
1403112270 0
1296650570 10
3937031380 10
3555966458 0
4192607812 21
1025940894 19
498557561 10
3820047131 12
3546973182 15
2065390024 17
1912450753 22
2753526513 22
4974070 0
3675562803 10
2997753410 0
979970515 20
3151473069 12
3042833870 0
2090415415 21
2403436390 12
3143846294 11
2717504594 11
4264659241 10
1723921193 11
2505444957 10
2227719951 0
1324710878 11
2647253691 0
3493206834 0
3697592585 10
2819294944 16
1404979656 22
3255595403 6
1992179411 0
3166686994 11
667045322 10
3101016815 10
310982081 12
959779131 22
438884152 23
3409065614 12
2087882171 0
2337678883 10
269038570 19
1761795731 20
2083569098 22
4221525462 15
3175110191 22
2500835075 20
2651425302 11
180158757 10
597946643 0
1463025055 8
3408370487 10
2394937763 15
246985145 11
542674999 0
1488447277 15
4010702561 10
3336629905 20
3218899944 0
505319098 22
2996426823 22
1510763682 21
4181924294 15
1545050540 21
2709314519 20
1182904740 10
3867128828 6
1780837396 11
2220481901 6
3830017364 10
3900592824 11
1565986793 0
3983246735 14
259881248 20
85022899 6
497455633 10
397575166 10
1374806553 23
2007887142 10
665154302 8
3260153330 10
81543632 10
1755621346 10
3732197647 15
213635502 0
657289529 0
3289988226 16
3043453476 12
3217106245 22
3190443270 22
3345442534 15
2207668493 3
2641985811 22
902860710 15
27773850 0
54087390 0
3165473557 21
811050862 10
1213794629 11
452058320 10
2664486671 12
1769607056 0
2768703175 10
822884283 0
3576305465 0
3599006307 10
1537916043 16
983639718 10
1819584807 0
3032676971 0
704559442 0
1064941575 10
910014205 0
4126665747 22
4074715210 22
3579998187 10
792335501 0
4018635911 0
3335940989 11
1742429227 10
2593920845 22
818264432 20
2959260726 0
545774015 10
4256907399 15
166318407 0
262977318 0
1786694858 0
2988297588 21
4208805236 10
2859536510 15
1462658107 10
3774388459 0
3379760065 1
473053519 16
306145293 0
1541180960 0
4292813497 20
1429783470 10
2898888820 6
4092631499 0
842067334 0
798820774 10
268203394 11
3775088616 20
3801370915 22
623523633 19
661230780 21
2116426664 0
1852524525 22
1845316264 15
3342310209 16
3316773990 0
3812872568 0
3488014672 0
3801472160 12
994179664 20
3170628430 6
3354821166 20
544733447 0
1471161527 15
1686646172 0
1745235444 15
1822958565 22
551284278 22
1884738449 0
2460905721 19
67209006 0
1014229117 12
754357024 11
2427479620 18
2895892543 12
3779079925 0
1947746438 0
3595176966 10
1318861523 0
3122044487 22
4156280922 10
2901817072 0
1510372555 6
1814966448 22
1296947076 0
719363683 20
3597358145 10
1110442349 11
2117507536 0
3731278836 11
2753844301 0
1546117520 15
3446698293 10
3871344001 20
3791732888 10
3595369464 0
600478119 21
2622131043 15
4228159464 0
203938429 16
3896729867 22
3891247470 12
2857358034 10
15856946 0
469638913 0
2297591917 10
2966610424 0
1004921510 0
2343067034 0
2504658859 16
3309868742 0
715608168 11
3181949210 6
2350781002 0
3996290286 0
3229397681 0
2694231325 22
938211310 6
700284884 15
3906282344 13
165530670 15
2075065764 0
3222161802 0
444844677 0
1456508255 8
4078965203 22
3396984308 12
1977832258 16
2097341090 0
1398172715 22
2195403341 15
1353610463 16
2678718380 8
969312568 20
959472910 10
817679903 22
3356865396 0
4231589085 21
1712897007 0
2450758730 0
984733021 10
42936687 0
848592224 16
1537249759 0
3227492525 22
196555663 19
1723678031 10
2374493230 10
901670446 0
1148430833 10
740823697 22
1594082193 6
453909961 6
954470526 20
2946689036 21
154148714 11
2144861188 23
2207017639 22
1224767260 0
3447434261 0
1535663818 0
3485774054 10
3504988058 10
2491846432 10
1554744923 10
588360875 10
2265651836 6
3597242980 17
512889795 10
2785282984 10
113479710 10
3966430910 21
3952355182 10
359025408 6
407389876 16
1127944882 10
3059126143 19
1991800812 10
2460529204 6
150520723 19
3451405138 10
554006519 6
2409770084 14
1085948264 6
3537332069 17
2614417123 10
3363388075 11
1197982213 10
407371255 10
352215296 10
2903946339 14
2349391151 10
3883608531 10
2054129598 10
3434777858 10
2872983752 10
2845290732 10
3365046465 15
2977705726 10
3667450166 10
1006158956 10
2792705312 6
1474689419 14
117077929 10
3873634201 10
110697070 10
2036063044 17
1010952649 10
1168294176 17
1567332016 10
967467094 10
3212678775 11
644508048 19
3553678409 10
1515162806 10
856806821 21
3374701380 11
3079938151 16
3758398177 11
1530004708 0
2209546624 16
4278116321 10
2235531506 15
727160550 6
605690533 15
2626116387 8
3588526504 16
3835712980 10
4221523439 10
1167699346 19
681784216 10
3875927214 19
3138123315 16
358189630 10
2191634335 16
1431825926 0
2083725602 10
1096687289 16
3001216574 5
3828434530 10
190083541 10
3027761904 0
1294608937 10
1072994675 10
2842799138 10
2643287447 10
1800000601 10
3519356089 17
2567798294 11
2443750371 20
3586448162 10
1571864090 0
1612506904 10
3234467123 19
2577739951 19
1464752231 16
2769705934 10
2143481080 10
506947898 10
2032137015 10
3253873594 10
520065019 0
1601588749 10
3941493515 11
4267155109 0
3554208360 14
898994892 10
424446989 10
1577032392 10
2333351704 6
3442831236 10
2390017625 19
634362562 10
3355666264 14
3189046830 10
1524531545 15
436182082 6
3607244343 0
1595754995 0
778946106 19
442494068 10
1698627107 10
3605660531 10
2636916212 16
596608489 10
1089634609 19
3330916551 23
3233825708 10
3921696413 11
2030907322 10
2334852604 6
622947533 1
2677018193 0
1294028312 16
256060979 10
3429048874 17
2864144128 6
1862180754 6
2207898464 10
2822852335 10
3919820941 10
3073444054 10
2862905595 10
1854859728 22
2839005646 20
475800882 23
3352672999 10
4239874940 10
2367273309 10
276184367 16
2884340712 11
3130414108 10
3617869792 0
3834704656 10
2706702089 20
849380552 16
2662869963 0
4080039919 17
1502139940 11
1671338483 16
2535966941 14
105609265 0
1830958155 10
3753317965 10
2862696025 10
1481788267 10
1060425724 20
2970298879 10
2549570321 10
3783413402 10
3560515245 0
3943070845 10
274950013 10
2547925765 10
666188945 10
3665588287 11
789277648 19
488253820 14
3946106711 10
333043526 19
1586801382 17
1297095069 10
3238367614 16
2046777927 10
2871445888 17
1157202215 10
4046045804 17
2679951390 7
1887774439 10
1702131227 16
446027939 12
3810874963 16
1562066710 10
2084543278 16
2821452596 10
2427633329 17
3972787105 15
1795006662 10
1254351895 10
1034916295 16
1636169205 17
240652291 0
2399904692 6
2347012331 10
1821944913 15
1265598803 20
924001928 10
2165246051 12
3972631414 10
3476484217 10
4100524576 10
1432391948 14
3684249606 14
3488027784 0
2746473203 10
4122894756 15
4085908449 6
2890446536 10
2145719481 14
3385252525 6
2067367471 23
2196319976 10
718460667 10
257794680 10
1867155107 10
2276821160 0
3529776312 10
1633564940 17
1127424310 10
4192924481 10
2891759180 10
2073952785 6
625762461 6
4288513428 10
3733365808 10
2344143207 12
2191082812 6
1609406326 10
1952991030 0
757609797 10
1265218708 10
3265335186 21
1640813626 3
3164879930 10
684234135 20
228394705 0
3022716530 10
3465101086 17
2713573172 19
3653454991 10
483532833 10
842343940 10
2562003702 10
2446835713 10
64155716 6
3417122217 11
2102691674 10
164464432 10
1808690853 0
2480974885 0
2018640202 19
549015426 6
3472893163 6
704433855 22
4002074137 10
923615891 0
2852426062 10
3944167436 6
1279779152 10
2436968544 0
2995410156 19
811826708 10
2841081010 19
4201880707 10
1547034860 10
1869760471 10
1066445001 10
4007096509 12
3425433867 19
854443241 10
3568719439 15
2534430434 10
4170836986 0
497608963 10
2421231654 10
4289644500 10
3032598753 6
3301113086 12
3877737089 10
528242877 10
4141135662 6
3454830795 11
1198683284 10
1779572848 10
2155122592 10
2254646059 12
3952248902 0
2576271648 10
3928810179 17
631399797 11
3058474392 10
3649582109 10
2913614633 11
2545962982 0
3197296929 10
2674547796 10
3918240253 14
1570689961 10
2444444152 12
848945251 17
1923665763 8
3113636385 11
1719784012 17
1263325064 0
3917784529 21
1290141570 11
1691672263 10
1763208794 6
707219289 6
3199824686 10
1769529529 10
650384196 16
4050783756 10
1188982260 10
1728879334 12
982516890 11
1094117996 10
704277635 19
4225911477 0
2747884464 0
1532344315 0
3944506741 10
251997368 0
2406301643 19
268077830 14
2067350641 0
1479300245 19
142848094 6
750209876 17
1098559050 11
2127373574 6
484512045 10
659408433 10
868423813 10
3006118368 10
2100365794 0
1923651234 4
2923097466 10
2152061303 10
3862436010 10
2304087626 11
756330779 6
395916497 6
1338503418 17
3004978653 16
1166868833 6
831049847 10
2050021708 10
3596827504 10
3616510795 10
79437080 13
3795532720 0
4134495465 6
639005698 10
1389932762 4
2671381195 10
1635454035 10
349503402 19
2254979323 22
3670034391 0
2295372055 10
1788206815 10
3836547512 10
531726943 10
3074451064 10
712235614 10
2570740452 6
2656767830 10
3512938617 10
1120125659 10
1249528076 10
3753578411 10
80095216 0
1109384211 21
997449581 10
971335622 10
360289160 6
2623548535 10
2006274368 16
470200756 19
603858831 10
1875642354 17
2038928233 10
420720363 10
2724567264 6
92770796 0
2673928962 17
2101493658 10
8733103 10
2397426214 16
3610505903 0
306386886 23
359841650 10
1135328584 10
313939917 15
395222408 6
567622545 6
2505919826 10
2588339540 10
2729555425 10
189434887 10
2663379695 6
2666592000 0
105046713 22
844046367 10
1044745782 10
2310567336 6
2502995215 10
2594757881 10
2879390005 6
2533620344 0
4092420475 16
1337097411 20
1479469875 0
3097296459 17
3933084836 16
3662692545 10
1073048808 10
3532640161 10
3512353642 10
861901807 10
3359412746 6
4231085537 10
3361001149 10
3762354970 10
769931138 19
3928773078 16
2849605725 6
824890394 10
500748209 10
4151036471 19
2485758406 10
2271143964 10
3830155742 16
3633940090 22
1525563647 11
1099405579 6
3872840660 10
3353755950 10
2621211892 20
391078299 15
2948590221 10
1018508855 15
2406825855 10
572285334 10
2148854302 10
792337643 17
188821033 10
1916767312 11
3269430471 10
3440277300 13
1768381064 6
2330699061 14
1829034798 19
1964825299 10
3820781569 0
621333102 8
534491994 19
3474381391 19
925191448 16
2412776902 10
3345080798 14
445132859 19
2195801176 16
586794829 16
4112252294 10
1603692096 10
3612218753 0
3891814809 11
3162857481 0
2262819206 10
253100059 10
4001230273 10
1214903154 19
383629106 10
3458855111 14
4080748173 10
2068033368 10
949075808 17
2939386265 0
611317225 10
2945238066 10
568100073 10
2320419929 16
3341159575 10
2793679649 10
2588444997 10
2845283738 10
3924860185 10
3487648121 17
1044356522 15
1203601787 6
1795776406 16
1885155198 16
2054732423 17
3270759980 10
3813113027 0
1903346806 10
856282089 10
3716782899 12
36038839 10
2063339905 10
1336531877 10
324979905 0
709297642 11
1208863308 10
2139962560 6
3049702830 10
663340686 10
1327538000 10
2503741018 10
3291095059 10
3081652151 0
302251045 14
3761307776 10
4157210807 6
3060855449 0
2826504000 17
2871406027 6
2328105222 10
1445937686 10
4071191964 10
137725537 20
3253333293 10
1624616927 12
3852089999 16
3297820978 21
1741644568 10
193886731 11
938206887 21
2507635561 19
3060360563 21
808374759 0
1501649110 10
134611247 21
2321803090 6
2313042344 21
1998096917 15
3678462800 21
2472948681 22
368568608 20
112184686 10
1069169809 21
2500027984 20
133637795 10
1752246523 11
1687900031 20
473862110 21
3786084174 22
2414831473 21
1343487313 11
1757528929 10
1502905231 10
3635658782 21
2758495548 15
9991179 10
1821643461 11
850639091 20
1941295585 10
2451934711 20
4093024548 0
4111526365 12
1431279096 10
2992920084 1
4190147927 20
2014414561 10
3983536843 21
700968397 12
3351832845 22
2286687921 10
1489567754 21
116995925 22
2801984385 0
1834862532 21
2637718448 21
4041980952 16
520893409 16
286719008 10
4162158499 15
1017412168 8
747154154 15
1744247221 20
3450455570 6
1069034959 15
578005367 10
2571017104 10
2156450881 10
637344968 18
2476239612 17
2158529202 8
2378882325 20
696249816 2
2332635246 0
1983649897 10
1411961908 2
3232642717 11
2578271967 16
3560204405 21
1694532960 20
2432889634 21
1952810403 20
2839314904 19
416709466 0
1470336571 20
1926937119 15
591474275 12
3037611284 15
4056898216 21
3010194187 17
2747084317 10
2330392891 16
2772339623 11
1488025755 10
1362988251 10
245715417 20
1585238749 17
1045551752 0
209514720 0
3001535612 6
1215239313 17
1884735329 21
472531636 16
1932817395 21
2383124310 12
583583190 16
1221504648 21
2985175404 10
4258352756 8
3903501523 10
144907347 21
1996544035 21
1361340749 10
988314268 16
1334480025 17
2593854196 21
1403566597 20
2600611846 21
3572889525 0
671973326 0
1664580761 20
1646639613 0
3860058910 10
4023543389 10
1983172023 7
1632462349 19
346678231 19
2635294534 20
672026154 21
2383059019 21
3919843675 19
385947584 22
469013657 22
300869683 22
2341535589 11
2060713280 15
4275351607 10
2579403368 11
4148564176 20
256867944 16
2946933046 16
1081479499 22
3549316019 19
3296060082 15
1398411136 21
70218501 16
3521053470 11
1725792695 21
3015445288 10
2862376393 16
3235007348 20
557547937 16
3097675411 16
3857930711 22
1475236660 16
4049830484 12
2445639826 16
2423691708 21
236613019 16
1591652330 20
4073885650 16
3792938425 16
2473812459 16
2190247917 10
2706925172 21
3976282426 10
107666328 21
831564511 20
1776507489 21
1841828803 10
3075341908 10
4138277908 17
4011576320 16
4081111603 10
75426082 18
316889074 21
2276371811 20
1304873504 21
982908532 21
193335259 10
2946134391 19
477840147 10
3520607410 5
224829068 8
3481090032 16
2509428903 10
1756774841 10
1342440040 15
767419781 8
1436585040 21
2660882988 10
1750961391 10
1181765099 20
172455991 19
2015906266 10
1417432982 21
1572629646 16
2027607996 8
7868285 0
1721410001 10
1285402703 21
3759529292 10
1022567372 10
2726399332 12
2198696614 10
2599447397 10
3879812384 21
976974084 10
3608724964 10
2562377048 16
3508910943 8
1359713028 0
4257763221 6
5069292 10
3345734997 16
3370648137 11
3737497223 10
924379264 21
4203263799 20
2233460604 16
371858463 16
3436499835 10
2282456316 12
1653255475 15
549634603 16
3678770187 11
1216994612 10
479686449 10
2315854752 10
2907059943 10
70666626 10
3223824437 15
3294207985 20
3888301059 16
2684189305 15
4275853283 16
1258803245 21
3281412790 12
2953046392 20
2659686515 20
728263782 0
3748762121 21
2924196728 19
925321379 16
1028064453 16
1656782909 12
261100450 12
2047966680 19
1089761319 8
2845988304 19
4292594092 20
1097047241 11
4004998849 10
59717221 20
2683082523 21
1900519851 19
3252024218 10
741190056 2
3643452325 16
4089991882 17
1454720311 0
614966958 21
3488835846 21
3472499666 21
1372575856 22
1727636257 10
2949216093 10
3493404574 10
2584909338 16
2965176835 7
4285197767 10
2995627566 16
2136286048 16
2170111823 16
4057837232 10
4224058474 21
2788368416 17
102647338 20
306096524 18
3112973903 20
280578119 21
3684805313 19
4195752552 15
3154642022 11
2161306729 11
1805547605 11
1194487814 16
3725373594 10
973379367 20
3214830888 15
1469325457 10
2967939243 19
3267103053 21
4265946233 21
466529334 7
1845901624 17
2162564041 16
2985557776 10
2653034405 10
1492851320 20
2341541125 1
1148763604 10
3413341817 21
2981513978 16
2203230536 0
734952707 10
3667663634 12
3972683068 15
2623155385 10
2401461577 16
992207173 16
741955486 20
549938576 15
2659437543 10
3537184127 10
3069827530 7
3106378612 16
1109748524 21
1445774479 10
716688108 6
709268407 11
1594268438 16
2174782105 0
161716416 19
433641258 10
2180119090 21
2254940643 15
2996252938 7
1868005657 10
2215676654 21
3087359612 15
2487522647 10
3012299707 8
2870211587 0
2166942787 20
3152178496 19
3981437156 20
800185497 21
553977809 10
749710711 20
1887523977 0
234948447 2
1194938626 11
3930110258 21
569284737 3
1163905741 23
1170858524 10
1847484508 17
1719187889 10
1339279652 10
2818603253 21
2640184746 16
934011306 8
2432575261 21
1641858544 20
552068880 17
608134042 21
188196006 1
1488799175 16
1067578567 21
565298731 15
203244246 15
3898482680 8
2664514304 20
2901357313 16
2485744685 10
1760082987 10
3890058428 20
856450582 22
3622127707 10
296645242 17
1274159939 16
2618827049 10
75231765 16
4283547863 20
2779694454 20
877061410 10
4284477005 11
3236616860 22
618127150 10
3516433413 20
3136340769 16
2763908181 16
2537737630 8
3761080212 20
3467631506 17
653454045 5
3822804604 16
2507871026 10
3322739512 10
3023956381 0
483630990 21
2278847937 19
803681072 10
3246939955 10
4101596253 6
2170841505 16
1388810971 16
147305738 11
7910944 20
1440623234 15
188026291 20
3488183410 0
50470093 20
159071848 10
1070839267 10
2012932381 1
3352764558 16
3660089982 10
257942719 21
1927377149 16
1159448163 0
1562703582 10
3563267133 21
582409219 21
1807966678 2
306514089 16
1065040013 21
2755768358 21
2772302106 2
793997485 10
2023976776 21
2630362673 16
2704590319 10
624309295 17
382848364 0
3720376773 15
3561679060 20
2712646065 10
172973141 22
78400228 21
1486687454 21
3371816520 22
3828223086 20
3058416440 10
4161034234 21
3606155328 22
3332345871 20
3147697223 11
395508410 10
885391649 19
1091558431 10
2970732230 23
1973870832 0
2714039334 22
2995032259 0
3768122354 3
3408656761 12
85188000 0
50550671 21
802992201 15
1657067827 7
1467272144 14
3094341899 19
798172847 10
314841732 16
2973960659 6
1571768801 10
1490340697 21
3274854896 21
2969903485 10
1519917706 10
1513891782 19
878723871 15
45301161 10
2046521632 10
3599669834 15
2423685566 16
3693840787 10
995647617 0
4122606697 20
58960314 16
2647886281 21
980298714 22
3230046190 11
762485553 20
3443106978 12
1802037935 0
3133645778 0
550633198 10
1226646975 15
1634749816 0
981026772 16
772601352 20
1218025302 17
3419288249 22
371120380 21
155962842 17
575815247 22
4063862978 16
227554992 1
54538147 21
1667004253 11
30263186 10
3861087022 21
1123198694 16
1537706512 20
843983490 11
1008977984 10
2737908111 12
4056920008 20
2700935804 20
972432087 0
1043811562 10
3847132224 20
1926998644 1
3628151783 11
3332667973 0
348916685 15
189579918 15
662443323 0
1240333227 10
1289092066 10
3364234423 10
3537492943 10
2645180394 0
2889349561 21
322712209 7
3982405231 16
3977171567 16
1776071198 10
3321865652 0
1413684986 20
2353351868 6
491600222 8
2025253032 20
2224782182 10
3706363664 11
3508994606 11
3283925934 21
2211730557 21
1713043711 12
853437538 20
3172014625 6
511806401 10
1681239984 10
2194805820 15
774161466 8
1769009399 0
583109062 16
3215792708 19
4210820876 0
590362846 17
3482050524 15
2343659312 21
2293626435 21
1692521214 0
3030231210 0
4142637304 10
3766922419 0
3346645450 20
3405182234 0
3680267226 21
1414363457 0
3217844985 5
2140316816 10
2982466669 6
680273693 16
1239459826 0
290899779 10
191983612 10
3460624380 16
339642697 15
1275901413 2
1833225118 20
3672471752 8
1573434509 5
757814766 0
1785942615 21
1436785525 17
2586013509 10
1362270935 10
3404924859 21
862583784 10
329799742 16
99830032 16
619692092 19
963540047 16
4292943150 12
2058103559 20
2444416301 11
2524875041 22
2068629412 11
3303278301 10
3779886189 10
1315950825 2
3653730175 15
3938345461 15
2274006287 21
3945638534 10
4105006549 6
465582208 16
773383247 10
3530303702 0
3586320484 20
1253403501 16
3859234508 20
4048055128 17
3107593703 21
2389462655 22
3125182649 21
96033861 16
40858704 20
3077946598 22
3831849051 10
4019956772 11
3079421851 19
1330276481 21
4156125155 20
3606474529 19
2431142606 15
457982389 10
760523583 0
3826792859 20
550382095 21
1526406443 10
3905324796 16
3158095717 16
2630605466 0
2303004223 2
519557608 21
1512134439 2
3649739295 21
3913895305 20
3775783312 0
2619650040 0
3110118221 0
1391160309 2
708435918 15
2450708179 12
527795530 10
3817346975 21
39688776 11
4112656109 10
3362746224 15
3026105572 19
2999079282 0
3366923252 21
2600095701 19
1920718489 11
1337549581 5
2935034546 10
1570172987 21
3122919371 10
1107569136 10
1922483128 6
2345481283 19
4130114844 14
3010538163 19
3443961761 6
3548411651 6
627691162 11
969880789 6
1700090686 10
2917377026 6
2176358960 6
3954180634 6
3197771429 11
444103802 6
4173510926 6
2187731273 2
105054101 6
2395846585 6
1470205034 6
88283681 22
1362905495 6
436286079 12
248325916 22
3385190347 10
4059399380 22
3860363285 6
1736659201 6
1356140142 6
1569370154 6
1671477151 6
3928962559 19
110458323 6
1684961085 16
3780844246 10
2762451929 6
776930862 6
302131290 20
168089917 22
3254561356 6
3429484922 6
2839447138 19
3193004113 20
945973950 14
3248610698 16
728321752 10
4248202598 6
3207736222 22
3885667992 11
537841672 20
4019247592 6
1173633121 19
1973124993 6
4132872362 19
2197703663 22
1228769394 14
96385761 20
3668709516 12
4123901593 11
1271247617 14
523204830 6
2278193390 22
2248294806 19
966276649 10
2416686780 6
999870384 0
2833616205 16
3371646110 6
921569384 10
742452917 10
4002101578 0
1711245104 19
1513979860 20
2431039882 14
3317823461 11
1327069445 10
1624800527 6
1649450215 19
1448976176 6
1390206959 6
3177234303 16
810606015 16
1909975023 10
3782823037 12
2098856008 6
1578588699 6
3138327814 0
1606945432 19
2725114199 14
3190603684 6
1502229357 11
2774594904 14
2906828996 10
1058317372 6
2529002451 6
1248102284 22
2266724086 16
2671763176 6
792993044 6
2033350358 2
2004486937 6
1822329922 19
708976720 22
1124598024 6
627529625 19
4063551622 6
458395942 10
1541359451 19
2692135361 11
1898241768 19
589373648 6
4062191197 6
1578514797 6
2300299987 19
1160665232 14
980291225 12
419930234 6
957179165 22
2877956228 0
3981355025 10
4102693247 19
3368801615 22
1964420344 19
1667027598 6
3945665936 19
3693394448 6
404045518 11
3359492579 6
1016924118 6
190742859 6
2426498204 6
635961289 6
3378413765 6
2455513717 19
1095107556 19
137760192 19
10042057 10
1876188538 19
4153352491 10
2647952938 6
3237541119 6
103642099 6
750895578 6
4118765096 11
1653284654 11
472890332 14
3157973406 6
2943693261 16
198564146 6
2344661638 14
862259041 6
4050996 16
1119332299 6
2180280988 6
1586826658 19
274723191 6
1842029765 6
182288489 6
3617111069 19
2566936552 22
558076656 19
658158917 6
4029928001 16
1537010038 10
3008414064 6
220260993 6
1232283333 19
4270127798 16
753563883 11
864507318 19
1622458006 6
4278590905 6
126223990 22
1471992047 12
3946237426 6
4278170913 10
1548612991 11
783265151 11
2119601058 6
1113012776 6
3761214078 6
1202542491 22
2203412224 10
2972363927 10
3784711352 6
1235290722 20
14678016 22
2993047453 11
736947075 19
205379878 6
1751469193 17
1418151398 12
2144969700 6
4114227202 22
2440424177 6
3256874084 11
818055675 6
637569711 19
1131650577 12
3632003281 6
1586817051 6
2578706076 20
328948685 11
2990685867 22
1670372524 6
807661061 11
1490499916 6
3469048739 6
1654832933 6
3436963678 16
874485767 6
3505719818 16
2162354444 16
3976472207 19
3230303673 10
4104246038 21
3655013218 6
1529673024 20
1554408652 16
3275630581 10
2331427725 6
645160067 22
1019554447 6
658292989 6
1194692290 6
2830887536 10
3300562385 6
429603044 6
2750054008 2
1281537100 6
4274659813 12
335202628 22
824820589 11
3761962731 22
4027071388 16
1920391736 11
178039603 6
925772276 6
1288577597 11
2987041781 22
3646745098 19
4143112850 6
2880018821 6
684682696 6
1899204784 6
4160317258 22
3984812710 19
3766100249 19
888515129 6
1645196738 19
2053559991 6
2215750408 14
3745278147 11
3333830552 6
1209964362 21
219989471 6
2509269644 15
792913914 21
3899524010 6
593637432 16
2547346216 12
2206995261 6
121147089 6
3548250540 10
859351008 10
544604149 6
1302480424 21
2400319425 6
2839047600 10
2372702557 6
2910343893 6
3723617073 10
197870931 6
3097480730 6
1014759089 6
1410298084 19
3535822447 6
1215097350 6
2963929302 14
3438533166 14
1160094653 10
2000233921 20
2452834368 6
3803698445 19
4181321759 6
3282115390 6
2760734380 22
4117173684 6
883811237 6
1289619524 12
1330279890 14
1670557072 6
3452647497 14
2929959999 6
3037608043 19
2077416789 6
886366333 16
1951140316 12
750689154 6
3472040115 19
54003156 6
3378558509 2
2514980637 16
2275772636 6
2427138972 22
2647810879 16
2350198007 14
672524878 14
1992533478 6
3500455104 21
2315166141 6
3439124931 6
303724383 19
2653911653 19
3727754408 19
2882156547 6
2054094285 12
3570785435 22
3356968799 6
2888330070 10
1896937452 6
3657436201 19
2951716630 6
55643061 22
3367791607 6
2670819459 6
228169285 16
2724751671 10
4087577894 6
2820758338 6
3896362065 11
3049466894 6
2604166916 21
3655661300 6
1247749895 19
4272595686 6
4047583226 11
2599108696 22
316270215 16
206739467 6
1804460747 16
2817767063 6
1933823232 6
1869644381 6
3294411399 22
297534623 22
1098697139 11
223437320 14
1979315025 6
442379979 6
3517754437 6
4132377612 19
3542336285 6
2799315377 6
1937483830 11
2079457452 6
3800724101 6
4080202936 6
1572529776 6
2790498072 0
2131508725 21
2610706291 6
658865798 10
955682328 19
1820917010 21
391558988 6
1168589638 10
2703291813 14
263456995 10
1135046841 16
3416032943 16
720959136 17
2787409551 6
2287491731 6
1337170656 6
588442851 6
1893500733 0
600612166 6
1389408698 6
3095197602 6
2834390730 22
547548183 6
196779186 6
1290545753 20
505468079 11
573713767 20
1418476636 19
1095255818 6
2703240470 6
440480046 14
3414481859 6
1651204751 6
1116671933 6
646086980 6
2791051328 6
615366972 6
2977922313 19
1438567937 6
1110595844 6
1807313894 21
2841438233 22
221642503 22
3951968455 19
2682256862 17
608231468 6
111974899 6
2272508371 19
1661555732 11
1197079013 6
2127475531 16
605859987 6
807946954 22
4018154480 6
335621180 6
1184823050 19
1207143250 19
2311099522 6
2875310061 6
74177275 6
3005300560 19
1938857872 14
3096275081 10
3403001040 11
1596289639 16
4014372533 6
3106578364 20
18044686 6
4205024025 6
1680980360 14
991783034 6
1937376752 14
3631820300 10
3207408794 6
1813147019 11
2174961493 14
3508882486 6
1740516757 19
1752839142 6
3675605160 6
1046551981 6
3843561390 6
1513960084 18
123456775 6
3974117292 6
3110376501 6
292988648 6
1635992439 6
900597853 6
2569922355 14
2070683464 14
3325147876 6
625376916 19
2531612152 14
332667065 22
3077224956 19
2588048587 6
2812924044 11
2741862539 6
3398468475 19
3913079671 6
3337577673 6
2222973547 6
3692795086 6
795704692 6
1666920706 6
1353079512 10
3092413224 21
1696467725 6
1351824486 16
4211554381 6
3807341915 14
3805814367 6
1099645221 10
1606440284 6
3509384180 6
109006369 6
4145836673 20
63880234 6
709863254 6
745895618 6
2032837109 6
1468492796 6
3032887232 11
1364480930 6
2336523861 11
4045052693 6
1361862662 14
2927674232 19
998118685 6
2577458954 6
1233148885 16
2152243062 21
2890846374 6
594347757 11
1626994331 6
13342349 6
1182394084 12
3460269189 16
4291890905 19
1307247612 6
1924891097 6
2448807431 6
3816994574 10
3382170463 6
886573115 19
1672847332 19
537977663 22
3790237203 11
2591310299 19
3768609133 16
4016488277 19
2487258729 12
1027189038 20
2635534607 20
875682310 6
612329613 12
1997023125 19
202925466 6
1223681235 6
2632292686 16
3310754766 6
2940000152 6
3093413148 6
205630161 6
3257304375 6
4084434203 8
2838697963 6
174477195 19
2644430976 11
102847604 6
1068335861 6
609929082 22
2547617381 11
1372335854 10
2502423817 6
3382641493 6
1734865782 14
910715178 6
345729007 6
480100990 6
1847028626 22
1874037272 6
1059108550 6
2518327674 22
1481069623 16
236992069 6
3064695540 22
3379422756 6
912265757 6
266826862 19
531478223 14
2281586171 19
1464924106 11
3975003112 6
1462998799 16
2757502353 6
2890561729 6
3978788564 6
2574354128 22
1809996598 6
3981273618 14
1827831068 6
3058127881 21
392776669 11
2412323584 16
1729421292 19
2027736241 6
2020082662 22
1723047249 10
3720358657 6
868043976 17
1071622025 19
577782033 6
362809238 6
2472839672 19
3923991679 11
2604955504 19
2585384418 17
1046188078 6
2595053418 10
2822415164 6
2612112174 11
3555638853 6
1899429866 19
948796121 6
3529774307 11
3819198527 10
2106189018 6
2902745683 6
2998742584 6
1330811937 14
3602915882 14
1236145634 16
98561766 6
1064226417 6
1877816383 6
1271901487 6
1834982692 6
2639944065 6
3074280423 14
3254970274 19
3324494665 6
3361996061 6
3193547580 6
2966650932 6
45800535 6
818094864 19
152147819 14
720114233 21
1902249412 22
1481057415 6
4199024217 22
150388235 6
3708664686 6
3365292376 16
1921672393 15
892253918 11
2508385866 11
3371303427 16
2269471173 19
76834029 10
588715774 6
86768031 6
3288610220 20
4181674213 6
2518230279 12
1614527587 6
2928626128 6
2521154057 16
54400658 6
351464906 6
1862904113 6
935028075 20
934845106 11
1387303900 6
2787706012 20
3703306995 10
2740377223 17
1608776964 6
2341180344 6
1481746877 11
1162963482 6
4234528466 19
1011557679 6
1000936643 6
2573281267 6
2856980308 19
3761752823 6
2945651315 2
2284872480 14
2202804133 6
2156159498 10
799675084 6
3429836021 22
3621626688 19
1567332434 6
301975154 10
2549612174 20
1765987835 20
3946447523 20
3495186674 6
1941101523 21
1449241128 22
3962249557 11
4121464569 20
88567008 19
3826968671 20
2277001017 6
1140516828 6
1874130582 22
4089713807 11
777605126 21
756050310 14
1688643023 16
867187989 19
1582183219 6
1601616010 6
2005931898 11
1630677291 6
450267560 19
1922449823 6
465549450 6
2008101806 11
3514154837 6
4259122515 6
1845653013 6
2553318863 14
2350481829 6
3738529686 6
1499975477 19
4019316325 22
1455534365 6
3857592300 11
2416999409 14
754575828 14
2420770980 11
3718316892 6
3073872254 6
3740149623 6
657438904 6
865462723 19
4187321782 11
4266402399 6
3418094461 22
1029184816 6
4236271903 11
4140974595 19
2351039599 6
3222481243 19
2895368764 11
1470496899 19
2750003608 19
1295117412 22
2385058009 6
2510417666 19
3880087501 19
4020863832 21
3160537826 0
2859128715 14
2577890886 6
1184892084 10
1417349986 6
2479783711 20
1945728317 22
1399649308 19
1165991334 19
2598712664 10
1085621861 16
2753528805 6
4002151679 11
305542901 11
2694532636 6
2536107100 6
170253825 6
3153394618 11
606135944 6
915687839 6
749590262 1
565110620 6
3295460246 6
2005601272 6
3028657170 6
1766292168 8
1160121189 6
2996092277 11
3812782867 6
1437746367 14
3975763456 14
3182201293 6
154434829 6
345403851 10
3677628238 6
2828543487 16
71403595 6
2866800472 0
2970219472 20
34466254 6
1389736263 6
3115774212 6
1505010270 6
3829732561 6
319822499 6
1856717553 22
2367407557 14
1751023428 22
369340712 10
1028212330 0
2980873081 10
1781693701 16
4247871383 6
506569681 11
2727017912 10
781918713 6
3651228285 6
2963264792 16
382208665 14
157525088 0
1519349612 22
1810770450 6
402576030 11
2653574923 10
2707643801 19
1370049748 22
1575306183 6
647862109 6
1301144201 6
2304611005 17
1656580350 22
2435418059 6
1064246086 6
423100596 18
2192995035 11
1190388598 11
1690845452 6
990136828 22
3910060909 22
2253832175 10
2881957229 6
3913626996 6
4024621153 6
1453938833 6
751876465 16
495993234 6
3024964303 6
1293233306 6
1283367322 6
1596406928 16
1301747627 6
1664905734 6
1398480969 11
2943206145 6
472820589 22
2546226754 22
2847447358 6
2721489585 6
3701456548 20
3836211444 22
3859288700 11
2254743492 20
2290148716 6
3709827790 19
1558656159 10
1468245964 6
1260493288 6
2469701928 22
3329671324 20
3233901358 14
4047576879 6
1109388770 6
333339086 16
2181303 21
3024336168 6
2432351161 17
21157833 6
2169908774 6
1278508354 16
704090472 6
1285925312 6
1996948308 6
2806517801 16
38915749 6
3779557912 19
302182453 14
208701973 21
1886988174 16
3831371962 19
1137272502 17
1307844816 11
522928958 11
3231872579 11
3509050542 6
1031844134 6
3740368679 14
2549595061 6
627299108 11
3529793381 16
3331449230 6
3819369204 6
3725948885 6
461319586 6
1466874182 11
527525570 6
1866693800 6
1337943674 20
3716351031 15
968650034 6
415698682 14
3866644339 6
3017808521 19
2170007802 10
4262502615 6
176270660 22
2740481041 6
4035727501 6
3347673971 6
1749489641 6
1840702028 6
3064930023 11
3852766173 19
993534795 6
1943928791 11
3266007869 16
2745712650 10
2694104312 10
1869189085 14
3742132088 20
1791637860 16
567415839 12
2350524370 6
1015542030 11
3043811088 22
1378276922 6
2295161195 19
1732533392 22
41153648 19
1620429266 6
3595444292 19
686299690 6
1029855217 16
1334936325 19
757094359 11
2856214679 10
3841449068 14
1228419937 6
3747376037 19
3421682030 20
476364306 6
836766278 6
2433209663 6
1188927599 11
1281866377 19
3688523508 21
677389700 19
1289508043 19
1077197966 19
3696924563 6
4247422337 10
3733752116 11
853901762 6
406360836 6
3546370517 6
3699708905 10
2886621178 21
3662773603 6
3266085009 19
3561638111 22
2714863989 10
4213386578 6
785411058 6
436480886 6
2380310648 0
1631098083 16
163037162 6
401952663 10
3743355452 11
2194854600 6
2743776351 11
1373890217 6
4215580599 14
539433530 6
1018825067 10
1211368212 16
154263532 16
624690198 6
61398306 10
1181725846 11
3802373085 19
2537695734 6
2040085960 10
3453124718 6
444379007 14
1777581051 10
4027689188 6
2969238976 10
3666068346 6
3856404928 11
3869600810 6
3471622035 11
1511525471 6
3587794252 19
220666553 6
842213244 6
879303850 12
1099336193 19
3585627737 12
1651794872 6
3681474683 6
1091742287 6
3122819873 6
103921849 6
4294305564 6
595239809 11
715598522 19
589709625 6
4120965592 6
3748337966 11
3930877572 19
3128380315 19
680615607 11
3833520573 6
3840003111 6
3775892553 6
2560909995 19
1348073356 19
2301281381 6
2403771022 6
3981797310 10
1949575762 19
777399612 19
438016310 6
1610834311 6
3961350570 6
2825934138 6
1067501573 6
658764729 19
3879436841 6
3876232378 6
524558096 11
1014563245 6
2774008844 19
1803721503 6
867455570 19
272533213 6
263924269 6
77096729 6
4281522127 19
4242708686 11
2649888236 6
2991841281 6
3625663696 11
787205584 19
2197733869 6
2540175894 6
2703489486 6
3554814002 6
3272309181 6
1283949874 6
2966030703 11
4073464299 19
2644335983 6
3309943478 11
1668748620 6
1718957766 11
2858387911 6
2009608303 6
3320500241 6
3698865567 19
2329236916 11
550221270 6
1694843675 6
3849753718 6
2485264763 6
1867588254 11
3343225644 6
2816111902 6
2880288452 11
3513383926 6
4030932056 6
3944547797 11
3090198756 6
1815838965 6
1139186158 6
1159682931 19
3724739233 6
190739074 6
3911801274 6
3565834002 6
3760115500 19
666664344 6
1115896773 6
1312628234 6
3615432382 0
2993539229 11
844118309 19
2444994187 6
1294221565 6
1502540215 11
142878724 11
3064455083 6
2672319702 6
1959456484 11
2483877782 6
397299583 0
3965954658 6
397508892 1
3808181110 19
881780768 11
1652510545 6
2627490276 19
2189780876 20
2076639420 19
1621375832 19
3927959204 21
921703625 6
1362996190 11
1390897868 19
3011981940 11
1425449672 6
1255869263 6
763516615 6
1584003767 6
3508548545 19
2501503818 6
2324623441 6
3268494215 6
110485473 6
1376030724 6
4017980225 11
2542625332 0
1858195555 6
377664817 19
2201905859 11
2442366183 6
2605258434 6
3637790466 6
886912105 6
696031153 6
182657042 12
416683879 19
2264978401 18
1604658058 6
1195990117 6
2132333215 10
3870354504 6
1221065455 6
150231811 19
404335691 6
2575097607 6
2654854235 6
767897026 19
710285299 6
3459980747 6
2305155013 11
1976025697 6
2232145100 6
2733281340 0
583265867 19
220590791 11
3000792252 19
4218594981 6
903852140 6
2418450424 6
2396034879 6
3506767986 22
850733540 6
2049384080 19
3804079017 6
3252789863 6
3894556283 6
138378651 6
1682995665 6
3244276906 6
2524177961 6
630609820 6
1850414948 6
4283540705 6
387692592 11
863894136 14
711700116 6
4255468334 10
2369695405 19
2160700308 11
1768694969 6
1552478077 6
2056318442 19
2575672664 6
631567247 6
1918815608 6
3965098855 19
2311223304 19
4267167898 6
300499159 6
3526214345 6
1530121956 6
4089355786 6
3896869089 6
1652838936 19
1121002242 6
1617944199 6
266760609 6
604877634 11
3654854082 11
2589575301 6
2037814851 6
521287215 6
1885096886 6
3586921542 11
712064096 6
426434386 11
2541230031 6
2931023956 6
1796671835 6
186120897 6
3693106998 6
2908801147 6
2290180759 0
1267632326 19
4182135651 19
2976961677 6
3267743243 6
751043781 21
1602070880 6
1155785130 11
4291881859 11
3929505088 19
3245032148 6
1509907937 6
1035467382 19
2428825306 19
3010564661 19
1307448490 6
3611326674 6
3395856544 19
3138292790 19
1446654876 11
2553790160 11
3289952670 19
633757383 12
2819234577 21
739412200 6
3412262401 6
2426438417 6
1014560386 6
1477299831 6
1155152689 6
3028212098 11
3158493680 11
24926880 6
3914647141 6
699558076 19
1182772012 11
2271021329 19
3064012954 19
3273285086 19
700531437 11
2965848761 6
336357853 11
146628095 6
1286949985 6
2645285288 19
235850832 6
478187121 11
2462751152 21
4049471918 11
3730101094 11
2771170775 19
1481558771 6
3659947746 11
3820357410 6
3362021139 19
3129208472 19
2783255394 6
1187036619 5
101770193 21
2399727816 6
844903809 12
4189348143 11
113414323 10
2643319632 6
3785682458 6
2849501522 10
1251300818 15
2212352659 6
2912517196 6
780478542 6
1342160547 14
3991963223 19
721493071 6
3347474343 5
1807797027 19
92548389 7
1714714189 0
2442978865 10
3838624288 6
2523533933 15
3270015449 10
2284504630 19
2583143635 16
2577884187 17
2167482504 11
2741980401 6
2544203580 15
2372343873 6
2171252907 11
1113368734 6
721499718 19
1020887298 17
3008344165 6
1671092351 6
3705824666 15
2048182010 15
3319115271 15
2608827553 6
1746405548 21
1319910039 16
4062470918 6
159918522 5
366650825 7
2508245787 11
2898241025 10
692538551 6
1808616109 16
2026011643 22
2536249268 6
3433121298 1
1268978912 17
3330751490 5
3330653340 10
4219580533 14
4006178144 16
2671553218 6
500829466 15
616654984 18
3242553696 8
2278674800 6
3574364038 15
395273701 14
116740446 6
4045852930 0
3136295581 6
2729953826 6
3008471424 14
2912086612 10
1394956486 6
3488967248 16
1320696956 12
1645177548 19
1833903246 6
2600802879 15
200731621 6
1957631912 6
4215724919 5
2684576756 20
1032858313 14
2535121987 6
94631508 0
282968925 15
1477506307 6
790120178 21
1527426904 15
751979267 5
328450621 18
3065055214 10
2009663151 6
749215837 15
786822975 15
838854401 17
830805244 15
6663479 15
4060189237 6
3170875975 8
1707897921 6
54998950 6
324468098 6
2586548493 10
2065908507 6
762385428 6
1155611512 6
2754373042 6
3608849719 6
1055018665 18
1255137201 19
2265934909 5
2336761792 18
2216705041 15
1817149149 22
326849565 15
3493517460 19
647827058 10
1889931026 6
3715128295 6
3131271274 6
561401466 10
4131613629 17
474953221 17
11109966 11
3786917684 10
2110379607 17
881655401 6
2270257691 11
3455893172 20
4009213650 6
393572497 6
1843291610 19
4223186492 6
2857584172 15
4118965963 15
1767332539 10
71503415 14
1151213318 7
640093388 19
2889031793 15
1013066726 14
154322610 15
2746811864 21
2345472537 6
1688327138 7
2385578834 15
3680060734 15
4209374165 15
3019430585 6
2727476095 6
3671107171 11
908177676 18
569897382 18
2084849637 6
1233533713 11
498069081 6
3757130274 14
735932599 15
1686914332 10
4090616711 6
152929024 10
410311511 21
2813818878 15
1893181585 15
1468893280 14
3632174886 16
505763482 17
3212878202 20
2920475270 16
3154007259 20
1451382832 10
1724697691 17
3080894745 8
2002404868 10
3438729429 16
3081385727 17
3212121063 17
306067739 17
964439946 17
126845780 10
112807404 10
3429216089 0
1955636358 17
3293723199 17
3647333475 12
1120044994 16
3512374891 14
3317205130 17
922183425 17
2549094033 16
1013971295 17
1858638155 12
348587480 10
4098955264 10
222879300 17
3155592969 17
4039703847 22
693422786 17
2609776699 22
1094163751 17
3000473530 0
224505441 20
3949455681 17
2655741148 14
2235695448 21
1760970234 17
213386001 17
2497568853 17
3609166795 17
1975570180 17
134956583 17
3015735445 17
2343598505 14
317742714 17
3820687464 22
325083901 17
2622613026 12
1758612356 14
3497992091 2
1283885471 17
2324298380 22
132298690 17
3161385283 17
780492793 17
1605104938 14
2704548103 20
3647939447 21
1103858193 17
2776008118 17
1566795511 0
3825932402 17
3964940117 17
3554883526 20
2600583708 17
595163958 22
2851346135 17
3177349043 16
197120150 17
2448399762 0
2370296568 14
422124105 10
724401965 17
274276598 12
1192077266 17
3691331205 16
755700314 14
3957815584 16
1994494766 21
3135495544 17
1477360424 17
1467094960 22
2068970668 17
656411971 17
507382191 16
490780210 17
2358066591 11
1871871883 14
3901470387 17
3848239043 17
28701622 22
2221250075 17
1608915541 21
1836529460 17
1042581591 0
2947590582 17
2450304236 17
231270229 21
2131319693 17
309488287 21
1781798979 10
3563619955 17
3443462903 14
499167968 10
2019827989 17
3723766332 20
1534992851 16
2061459364 22
1067883390 17
25704698 17
2678389237 17
1831091968 17
4199253092 14
2376865288 16
612891118 17
2121312578 16
1646818902 20
1175408006 12
1005901026 17
4272586292 17
1044738511 17
4284575435 17
1075293506 16
3701306874 20
3274901528 20
895532725 20
3017513067 0
3656934739 22
3683071471 0
3041722825 11
2025298088 0
3505872515 8
577566552 21
356793053 11
583406057 0
1733185937 6
1623241248 20
3651622267 12
2094319772 11
2394614743 10
25796619 20
323886344 8
3058967420 12
2005818483 8
2034999634 22
2775890239 20
4289625176 11
2258026845 8
721466360 0
2797920187 22
1186968951 22
4141727670 11
3714531932 20
2352692517 8
3301883725 16
3630768644 12
1782075653 22
2851012109 20
2312792928 0
2548720716 7
2590841513 0
4149057681 11
902218018 22
1186227874 10
1698241469 0
3519259769 20
437373630 20
2095533134 11
1924057932 6
3405744406 10
3281837159 11
597208187 20
2131638566 0
604702026 20
2646072279 0
952784576 0
2954614058 20
3564220395 22
620556316 20
1515772278 19
2151932667 21
1213350342 10
3639577506 11
695077870 8
624599093 8
3990386830 10
1417697659 17
512326598 12
1690089881 11
1776325256 22
33506112 0
840309714 12
1913764655 10
48825860 0
341726687 12
3588665767 20
3435551258 20
453719965 0
3874411062 19
1772591710 22
322445997 11
874496791 0
2215819810 12
876628465 20
2734477202 22
1738443432 11
3872655229 12
4063998424 11
3454678963 11
2891028357 20
2391858662 11
1841173862 6
2971537981 11
37516555 10
2084030533 0
3654849520 10
745344780 20
3167048577 12
4176143850 0
298279681 0
2502072772 19
587714966 0
2367891650 0
1033484885 20
4008571536 22
1510354741 20
4079446620 20
169187148 8
3265398489 0
2414908769 0
618123000 0
803910000 11
1884662194 11
1152942651 0
4168453730 20
3941396527 0
1234319269 8
3576903380 22
3819188147 8
386334173 21
4235027358 20
1209254447 10
841370238 0
3934652454 20
2631195137 20
1966543515 22
629972845 0
4186232748 20
876689072 0
2653719494 8
1357267155 6
3612904637 11
2911825364 20
276274775 19
3233358319 19
3559827380 0
1632566429 0
4106053998 20
619000401 8
3985318558 0
1058931671 20
3620897263 20
3725090381 10
613792383 0
1542532585 16
4028435149 0
3645496260 8
754040941 16
45828782 0
4164827789 0
683749234 0
3331520124 10
40742636 8
4293033827 0
3344397836 11
3159338576 10
3168564737 21
1267969965 20
1444183604 12
4030992637 0
2312369357 22
2088208073 11
1347611988 0
1415973429 22
895196438 12
2184113611 0
2057585515 10
3144764428 0
12268755 20
2921144124 20
599972057 10
1754162567 11
2296494754 22
2016207356 0
3831267232 0
1194938491 21
4271522720 16
3550393819 17
2322470979 0
1025531719 20
2260861826 20
2600957027 20
2513600835 0
967735183 0
1847820024 11
3500352020 12
2907887556 0
201217624 0
412975571 10
2611620823 22
3273118166 0
83679240 18
1198794688 20
2759514943 20
1413085239 11
2201427612 11
3674806798 20
1866739784 0
3987708096 10
1472379817 20
3021341406 11
4083525997 0
1750971477 0
1894451289 12
1480842292 10
3099683013 20
4274613053 0
467003454 10
4073354273 16
203880656 6
2762511301 0
2401119320 20
776064225 20
2014454480 8
629330305 0
1318180412 20
2915872682 12
2135565254 0
562058317 0
1752105718 17
4236498400 20
2821627164 0
347033815 20
853494976 0
2708803986 0
1972785503 20
425598719 22
3372729177 20
1021334915 20
939102214 20
2917431370 0
211201319 0
2333440680 20
7986373 20
1731551226 0
618440573 19
2814798976 0
1673343836 20
2839672345 11
730278624 10
1363968577 0
1667208083 11
2572048775 0
2757604896 0
829172628 16
3080056574 10
1296048804 22
1534630218 12
833137393 22
2569309987 0
3927819842 0
1276332692 0
2725045783 22
147221201 8
1797232659 22
177097920 22
2372963124 19
3206133587 11
1528150695 20
2837619045 12
487383127 12
2992477105 0
2708765096 10
3171124945 0
3888224022 20
2157336344 0
4097452667 0
1772690455 12
4079124805 20
1520612519 20
3026597874 0
1293973405 16
634517463 0
1236141423 0
3943045239 0
2125649207 11
3256953227 11
987262713 0
1229065186 11
3789468966 0
2870155637 20
1353875163 0
4151444633 0
1673233075 20
2210689772 12
3378822293 11
2186274981 20
2748140248 0
1484383653 10
2728131796 11
3773222668 20
2682806429 0
523688118 22
3592220019 8
1244781055 10
1916251025 20
543807993 20
2174496945 22
1052700632 20
2955699227 0
2982389766 15
1783222376 0
2608393675 21
261180779 0
1650035966 21
2797777676 10
3107157601 0
1171487061 20
2628037428 0
434726356 0
3307275673 15
2399800350 0
3200855548 11
2748449926 12
1419053056 22
4163401304 0
3133952058 10
1333674764 20
1811749529 11
4249415172 22
1288931250 0
3478176348 0
3527468150 11
3904226958 21
2823250724 0
2135428076 20
1417560126 0
844735024 22
1734706862 20
1472308604 20
2905514912 13
1349923355 10
2244829428 0
1455284712 21
1040967661 0
1395037952 0
1503907585 22
3125239871 0
658478371 22
3511098181 14
2762542117 22
1736967099 10
1509410266 12
3749417182 20
3104270979 8
826635124 0
3656970753 20
3591382718 20
2302980240 0
2825851449 21
61943043 0
2664827052 12
3882859641 22
2249681143 0
2322949638 6
3581237523 0
4025284275 21
182556624 12
2578280772 21
2932993903 20
3101845670 20
2746365047 19
213426552 0
24010844 20
1384175771 20
1768686445 8
1312697036 0
3667805307 0
1950730009 8
256655515 0
571812030 0
1930124573 20
987964545 0
727344875 14
3921985795 0
2191746363 20
2224823853 0
1330175976 19
1965372176 20
3612021083 0
1287953729 0
1531044238 0
3551617273 0
2328722420 0
2225384985 0
1047642035 0
772947220 12
3964552928 0
1680607263 0
2067431823 20
1012588707 20
2545589646 0
2218880440 12
2546565832 8
110249085 11
3635461709 0
1769755790 12
855635510 8
2520895753 0
405599777 15
2585854253 20
4245808667 11
2351201663 7
3333534993 20
1440208026 20
403535460 8
4127739970 0
3997384880 8
3562565410 17
3022032003 10
4011034298 11
2111062964 8
3622089598 0
1220952102 16
1104900076 20
3726384061 20
79056548 0
2517932592 19
83546801 10
86786897 0
3912185779 10
3076662931 0
3502225190 0
1411971488 12
1787110152 12
3110743025 20
3347097339 20
1358708993 0
3488001626 20
82279383 0
1341954466 12
4101197432 20
2571468631 20
3021081907 0
1776924622 11
4172615063 21
1421487932 0
903562218 11
2501533570 20
3937855029 0
366914809 15
3239184610 20
854057246 11
2294859433 16
3991032607 20
77221708 10
3637269675 12
4212709756 0
3127707383 20
1877454384 12
988177180 0
2694336028 12
4207633797 5
9738852 20
1595670270 0
2907846084 0
1906418246 19
1933131460 20
1769586986 20
1099591404 20
1665108712 0
2799110676 0
2699299112 10
3007596421 20
32111140 0
1451759684 0
2715990909 0
1858455167 12
2985775789 0
1674510825 8
3953432107 0
52031249 21
84440926 12
2880285008 0
3214792940 0
2282078645 0
1314845134 0
287836618 0
518506781 12
1962296442 21
3886855392 6
2787256848 20
260406562 20
1998117482 22
3096231694 22
2957059699 5
1344797787 14
2332509863 15
2188969084 22
2619438195 15
3012672739 5
1021091723 5
2063281470 5
1242408746 5
2633898507 5
684405549 5
3773451101 19
1468487090 5
100821599 5
2026727734 1
1350996045 22
1607471021 5
2358893748 5
2730110037 15
2208934402 19
1750149286 5
1163442106 15
1372674641 15
3635874400 10
3359122726 11
1190694652 1
3691449708 8
2874452043 15
154274708 19
3538148380 12
1462680621 15
1893437220 15
4134441198 7
3501063762 19
4105003946 19
3921657087 15
1278486485 11
1808426264 11
3839731592 0
2207960556 15
3652072951 10
3357293289 19
4269814402 11
2661557667 15
3647398893 19
1593580367 15
242133692 19
3692915366 11
1103484697 11
2674155091 19
173715288 1
3960610319 15
1405933900 11
3447804396 19
2188205839 11
2987531066 19
2578053166 22
4009974777 22
923927327 0
86747207 19
2130192606 11
979549749 1
482356998 15
3375702740 19
3549605922 19
228470106 6
577031682 11
2336942204 11
1638770668 19
1619620363 22
2680109020 15
282143508 11
887429258 1
3607078183 15
2911159489 22
3345868146 19
3044698237 15
3379205131 11
965222546 19
1311667457 22
922762717 15
2330730900 11
501644241 19
2636921728 15
2647767404 15
1708039720 15
1173365633 22
2671369192 15
3138395693 22
2449363745 6
3817691079 15
3450306124 22
88492158 10
1237746417 15
2408597181 6
1988836292 15
3544370393 1
1333887910 11
547661724 15
1279500048 15
4245397993 22
385211212 15
2065272776 19
2735488839 22
577458680 15
4266731394 19
340341126 19
2610884626 15
3269984967 15
1682722618 15
3603075623 22
3518664532 15
1317444871 15
3148818367 15
2200999834 15
1793231661 15
881400400 15
1128320842 15
250020645 15
4033150942 11
945415855 15
1481994972 22
1627700166 11
3254106634 15
176748580 11
610937356 15
3260545253 16
3099432430 15
1151077962 10
3698464506 11
555515881 11
2702442192 19
794564847 19
2218789775 15
1616525970 15
2032197595 19
3989417155 11
2340545286 10
3804966096 19
1599246333 22
2215223399 15
1787738733 15
1193703304 19
538377592 19
3802917476 16
4238378343 22
2907511711 15
295825241 15
4159447045 15
656267748 15
794797877 5
2841441877 1
3583756371 19
3094159343 15
3792332621 15
2405670164 19
2985855196 19
3885914497 22
3386779527 10
326134943 11
453871347 15
2056529432 15
3069496917 22
3558427540 1
76222177 15
88497501 15
2283741503 22
1791229239 15
2208377961 15
3491656167 15
507011179 15
4234968490 10
3301385263 11
2510502256 19
2877820484 19
987833120 11
1145736750 15
43520965 14
1580310320 15
3445611457 15
2494748630 19
3747512266 15
532069678 11
2917486569 11
2818366360 22
217615207 15
3805385424 15
427322945 15
342621852 15
1864104580 15
4036148073 15
3839747515 1
1841410772 11
3152283174 15
3361550153 22
1281629511 19
3723640111 22
2847442011 15
3593804070 11
1619188748 11
1259240670 22
4011995954 15
1297857707 19
1266619562 22
3860754156 11
3626682800 15
2566942688 10
3144746602 15
202194302 11
698500487 11
978467089 15
560754266 15
2485591174 22
3306917828 11
368571322 11
1667696705 11
1188452783 15
4036229 15
37275211 19
1544846695 11
1730630274 14
837284127 15
2272012356 19
3665353086 15
2176758811 17
3538845201 19
951763198 14
208199185 15
1915622019 22
2623206702 22
430472848 22
2456286687 5
3898872533 10
3219627566 15
1303142543 15
3222221340 15
3268189050 11
154376071 19
1224724640 15
3986103875 1
2227769484 19
107885568 15
2540627769 15
1705406817 11
3013580754 11
2226696112 22
1069209642 15
1496607788 15
2165577840 1
3931214685 11
1728883680 19
2868599719 11
4001351158 15
3274741762 15
2333855835 22
459301335 19
1642849704 19
2341251648 19
1432571800 15
2540544029 15
1453336826 20
3689860260 20
2077201211 20
3720441947 11
1125451002 6
386013606 6
227215546 19
3096571368 11
1185972397 11
2257931083 19
3396302769 16
699961571 19
442266096 6
4122890746 16
2510033610 8
3557816205 22
87351425 16
2593807559 22
632260620 13
3474527909 10
2272434526 12
1199018856 19
4211396781 19
2864593710 22
1920687659 16
758041640 16
607172833 16
2873190838 16
2118525457 11
2259002737 6
4041217605 22
2485514507 16
3829363744 6
2032085336 19
266696088 6
2913251244 19
2373013507 6
4134859200 19
1025577536 16
642944934 19
3935800272 22
3371220433 8
2769329950 8
855178095 19
2912703087 9
3181155589 8
281146277 16
3256653829 16
2710090626 6
1181566272 6
349670937 22
2902829476 11
895675958 16
180065053 8
2394453306 16
1376936850 16
3803348010 22
213556001 6
1150724987 22
992218876 19
1993571540 16
1046922366 16
2627124924 11
1648814593 13
411335876 16
2786257474 0
3560134684 16
2865337563 16
1776793251 11
801833351 19
2863052619 6
4016625072 16
2370423292 6
895578137 19
977388376 8
666062322 11
572096658 8
3285953753 6
2415909134 12
4090738947 19
4024882834 19
2045686924 19
4077407239 6
137074362 19
2279352770 16
2234833731 16
3504408162 19
3905776114 11
4209998940 6
813785908 6
2273751195 16
1330126383 16
2802772844 11
2807605582 11
3860281559 22
2068355140 11
757275182 19
1077728769 16
3586749658 11
2346512352 16
3678470472 16
2854128093 16
2026038161 8
3854150291 16
3995956427 19
393885796 16
3818615309 19
2168767882 6
2208573949 16
1209506174 16
5757892 16
2081676422 8
2553092376 11
3044217495 6
1708091685 19
2310818227 16
1322153914 16
1074543321 16
1588601136 6
3970169731 16
684059522 16
2776552643 22
1726448308 22
1256669981 16
3150312437 8
1810810520 6
2207423804 16
898005642 16
3827164890 16
3432712692 19
216800088 8
3437197438 11
402491822 16
1296139617 16
4186504061 11
3876612441 16
1709632398 16
2801163970 16
3239094197 6
3713674666 16
435284987 11
1233776430 22
282906463 22
2128820362 19
2052876048 19
1842490348 8
3448052396 22
1202571733 19
3077294068 16
2626188738 16
2832667601 16
4096015044 16
81919630 16
412945980 8
34961237 22
2204466996 19
3448371567 16
2946397743 16
655136217 11
3661481259 6
3564874430 8
1186305350 8
192847118 11
1781137291 19
281231045 11
971573319 10
1723072640 16
976914680 22
1597893684 11
2721855192 16
236820918 11
1735835586 16
2147984215 19
1428804819 16
3758814054 11
3533670282 22
272742595 16
1469332333 16
754906736 8
2263126253 16
1120200304 6
1685139661 22
3244546801 6
2106409083 16
2605703715 16
3957661706 19
4100366092 16
887149049 16
3557069523 16
3952841946 16
2988017495 6
1122435453 6
3054111945 6
3661848537 6
3652517858 6
3214754712 6
635883582 6
2061920573 19
2413366890 6
1458943542 19
648033948 11
3034869730 21
974111868 6
846321480 12
842986873 19
1929547537 21
760218169 6
2018404154 6
2940596752 20
4118981992 19
4161851669 6
1985619730 6
4221035478 0
1113072180 6
2870172815 19
3956537287 19
1164128140 10
1939515218 6
2855387245 20
2834598877 19
4002356814 11
1199048712 6
1074542158 6
3325768330 6
3273992502 6
3658588880 6
2689570300 0
2364110419 6
2179799142 6
72394850 20
1600525291 11
3770950615 8
2304252362 20
3024316014 20
3556584192 11
731043460 16
598385728 22
2295532141 19
385356908 20
1836966775 6
3028535278 0
3018362126 6
154111322 19
3722769745 6
2238570795 8
1494267657 8
3860327139 6
2146315722 20
2158795969 6
4163355759 16
1948030342 6
2714680297 6
834469559 19
3282396792 0
2426215417 6
3173023261 16
2878618015 6
2378162896 19
1438885420 19
1094349040 20
137118142 6
489335365 8
1771606644 20
4078112223 6
2767485384 16
1357688965 10
3698137909 6
3667894543 6
1518602675 6
1907023502 21
2015126461 19
3455658332 6
2351059238 6
1088111165 19
277399003 6
2175700347 11
3889104065 6
4020676543 20
3517353893 19
296890543 0
866763342 16
133148467 6
1055898630 20
2463198838 19
3780528317 19
806124589 6
3017969820 19
1559052996 6
2773887226 0
2107426287 6
3438425208 20
3403041763 16
4285619703 6
202917908 16
3191342789 6
3589360055 20
2649617459 20
2754530128 0
2634557214 19
3307737290 6
1101611852 6
490840722 8
2145764244 0
158081322 11
2932225419 16
1061370371 6
581924374 11
3779706455 8
1776917597 6
1778361101 6
3501170651 16
3733948038 8
2940933299 0
2980670588 19
2698910125 6
1899345721 22
2216844738 20
3593907092 20
2711545145 6
2129578342 19
727512784 11
846657791 8
543056836 19
2274078113 11
4270357746 11
2397713665 19
2309817810 10
2452490010 16
961548438 19
2607372134 6
3751618864 6
2309889984 6
3004729605 19
2526738566 19
4148450023 20
2710397772 6
2973288072 0
2510087603 6
3316760321 6
1062351020 21
102886620 6
641937300 19
3034724664 6
1971314174 21
406326970 16
975871638 16
3458568760 21
257572601 19
3350258134 8
908805780 20
1958720828 19
3931908599 20
2575692184 6
1912171374 16
1441611437 6
3555546961 6
3962759771 6
339045433 6
4189524859 20
2115599846 12
923560717 19
1839061114 0
68304925 6
2113249756 6
1657465244 19
3258620636 6
4273163449 8
970739828 6
386765517 19
3329022941 19
2081268497 20
3401477067 6
64778842 6
3436089794 6
1398924017 6
2137990838 16
3884723371 16
2909223450 21
3937124200 8
4028493861 0
3241111210 19
1506806141 6
1717858019 19
2038311902 19
2437395795 6
3921080253 6
3766819158 20
644148719 16
1423888603 19
936368658 6
1647318737 0
380120740 6
1442202771 6
2219749205 10
3123126911 6
3028658319 6
367147425 21
558148483 6
2431860229 6
4274851580 0
1237677084 6
1230464699 19
2694255551 10
2178668646 19
2130745969 16
4001094361 19
1447555985 19
610005284 16
1028321199 6
1141446510 20
4183993033 20
1217182915 6
1762633221 6
718596411 6
3048450893 6
1828779283 19
2066989935 19
3325499731 8
3832091888 19
3987106113 6
1192577844 20
3017128046 16
320006326 19
2442722481 0
1170846552 8
3361148304 8
1354141174 19
4100135254 10
3835949455 8
897912380 6
1701354615 10
1949266144 6
303509289 20
1439926956 19
4082365407 6
3749999819 20
3252664194 6
3648982901 16
1307018801 6
3598995015 6
1967596795 22
3338381054 21
3454616430 16
4035425723 16
2866544305 22
1164556772 6
2826601757 22
3958455886 16
2520548835 20
4098461849 14
3293872648 8
4069900686 19
1486283672 21
883283313 21
655465099 20
4184848262 16
2004059324 22
3291901382 21
1577264617 16
3738996978 14
1439437389 16
475115109 16
1626337829 16
1860233907 16
311551521 16
3768166211 21
59666031 12
2358133944 16
922653328 16
1811940649 0
1563974753 10
2072045378 12
3691220406 8
1083144554 8
2763670751 21
3783311761 12
2004323373 10
419846703 22
1740811445 6
807904416 2
284565045 12
672610867 16
443514887 21
2069755321 22
3746930502 16
4038792273 16
3829207464 16
3095493255 22
180371282 17
297741276 12
4069086923 14
922067496 17
3967567587 8
622759216 19
1069465933 12
2469520108 17
1297150919 20
438979719 12
4158419672 17
4118665820 10
2753278616 16
2817743352 19
2318654445 20
2671316800 20
2226980964 14
26334559 11
3593135162 21
2696792460 17
3900045600 16
1963100224 17
1151784335 21
3204527975 19
167510987 12
531945638 17
1486864254 16
2238471871 20
111043902 21
3458742854 0
647724222 16
1428150082 16
3001114768 17
150610421 19
2014333148 17
4237531661 16
617118511 0
1835963058 17
2045875876 17
3226371211 17
2808354843 17
2672937361 19
3138200764 22
2730734822 12
6193809 17
910630509 21
1851434740 22
3526099144 17
908275567 17
2683610446 20
1317051079 23
2032895103 17
1904174376 17
2019858970 17
4182649179 17
2805106471 14
1197623847 12
3635548949 17
949689983 17
2416573560 0
3675922218 19
2033518106 19
2490081 23
1275067807 14
2859271524 22
228467466 16
1604603175 14
1308896567 0
835197274 12
1483174040 14
4102178375 20
3009771850 17
3660194212 0
2755175566 11
2593168607 20
2294695055 17
1108819695 17
888293415 14
99023343 11
992274540 17
2902668493 19
2841783152 17
1653423022 17
977687614 19
679193276 12
1436924342 22
250795459 21
2594775072 22
3932609757 0
398779855 23
633666529 20
1008424398 16
289194063 21
1414838292 23
2916734489 14
2299687779 0
2406447437 21
962731606 14
3361999168 11
908452596 20
1747639441 23
2353208149 22
2576223123 12
3312491747 14
3545268024 19
3206139218 23
254190607 15
2953067515 12
2841692116 17
1151526688 21
2689686279 19
3258754199 0
847117148 17
856654374 14
2741536292 14
2207683500 14
3182213757 10
1093111324 14
1708845442 0
1931157068 12
102894114 14
4103414598 16
2122758148 16
1323870491 0
3955364095 19
1427186181 14
3394448828 23
275353151 17
291231199 17
1784650749 12
1027646507 11
2545862747 16
482995095 22
3593120607 14
3076189184 10
3944393417 17
324394086 14
614252361 14
1524970625 10
3349910730 22
385229263 21
1178040181 22
1043444081 11
1867697116 10
3081906098 0
3313141336 0
219270653 10
551175966 16
706821527 12
1933366873 23
3025713778 19
2770088639 14
1375397043 14
4132885333 11
293565865 11
3625631329 10
1562331923 22
2413858096 14
318617556 2
693127678 22
2032513703 16
995195596 14
900666691 10
2597268897 16
3404396783 21
796790332 17
1313814695 22
371592328 10
4211167081 0
1768813391 15
106406305 19
4134878293 15
1809135809 15
4186030991 15
1712171216 15
2363606320 11
883802769 11
4185235418 19
834753700 7
2599531011 13
1902379917 15
3392802004 15
114958116 22
1384524251 15
3602906515 12
3881104733 11
3021056386 12
643777173 19
1196626714 19
2734730888 15
1094575515 19
3654492358 10
2007991956 6
2731517822 15
1081582714 19
1414506227 12
1571761537 19
2157827374 11
201806953 11
2399227516 15
320345611 6
1552722757 19
2732333550 11
2974596493 15
2718659680 15
1041698522 7
3840592490 15
2497910114 19
2496187620 7
3274101381 19
1417403872 15
4049524339 15
3036298852 6
2006465674 19
1803995091 15
202606473 19
532140955 15
2289385828 6
4217510115 22
673118291 7
4271427095 11
1060803969 17
241276551 22
2944585863 22
4087134227 10
2464413419 15
449379517 16
2160505520 10
4122270522 15
598558877 1
2213163191 0
7392319 21
483817663 19
4112082154 19
3280923577 22
2438263625 11
3771826517 19
512053756 11
549905960 15
3094590056 0
3324001035 11
387164004 19
2546427784 7
1070953094 0
1379101996 6
1058263801 10
2482548215 11
3789718215 19
762454394 22
2347898463 11
4088960298 22
2946203291 19
1768971950 0
1819020214 15
1029259985 11
1017926598 11
1984530209 19
317443076 11
2892451747 19
2202001039 15
101406923 19
516484867 15
1941465500 15
2312161488 0
3191957127 15
1934686137 15
3306457650 11
4173704475 12
2313660182 11
3977894017 19
2286648101 6
4061187834 19
4181686485 22
570937342 10
2726325159 12
1710895254 22
363463018 19
2839800385 11
2046761092 7
2208211844 19
66847514 7
2313126927 7
2040175137 19
2351991525 7
3256498430 6
2991713435 22
2357044279 11
1825208835 11
3994310669 0
4089459948 15
2298518821 7
3683434397 19
2903286177 22
46488871 11
3464767708 15
819685829 10
3776324101 15
4173796470 19
741989263 11
1515891806 15
1600589949 15
3708689999 15
155476713 11
3961384538 19
3945439290 22
3517075102 15
1561254783 6
1928858137 19
1841082955 19
1998051817 11
3889663978 11
472222122 11
1011633175 7
898126698 11
2967288406 5
2622839912 7
3655736820 19
1186499560 19
1426785157 11
1604128840 0
3490517127 15
1162292517 19
1501570037 11
774609863 19
3551592453 19
2841876495 19
135198403 16
1618770057 5
2658979310 11
3971037004 11
2738385767 22
3314808828 19
4171757873 11
1455924884 19
2598574472 11
3655812963 12
3133592670 6
631202363 12
1927948620 22
1423238587 21
300678089 12
3531014931 19
1194686478 12
294824097 21
1921752487 22
253549127 19
2756812774 6
494224384 12
4272317893 16
2172626413 0
1552431454 12
2770413093 21
4151778805 19
1392161037 12
50566874 12
3557648565 19
3105802122 16
2714545391 11
4118582521 21
3301531300 16
2018354131 21
3655052948 19
3094069227 10
2859847333 0
3992723521 10
1488804474 12
2339991386 19
3408776740 19
3636413157 12
679572880 12
1477549857 12
1176800900 19
3359501633 12
3057778202 19
879631333 12
1719831804 22
1715525420 1
3497137228 5
2291864784 22
1815872704 19
1237355393 1
2111460134 19
801350774 15
1946441949 22
878961530 18
3901994859 11
1790589847 5
1290467784 16
1876314500 15
1910607232 1
1856824434 15
743376000 5
214645202 11
4051845119 19
3209772616 15
3170152459 19
2328055194 15
1306093090 15
3907253900 22
1974644477 11
3866773258 1
488074685 1
3304676488 22
1570826967 5
1533216774 5
630517318 15
3471438055 1
4202621421 22
3520265624 22
1896084404 5
3994162379 5
399253442 5
1418535478 5
243296201 5
1748581674 22
1737020764 22
2544568450 4
2014820129 4
3162263411 4
1273891184 4
1093582558 4
1776045017 4
