175694407167286 0
47840582337290 0
151055696183164 0
258259383103143 0
108900555386270 0
25850065621295 0
275249932866044 0
160701144159225 0
204216476950576 0
9339299986879 0
41273219207948 0
186608094881393 0
105215707528152 0
243211007864170 0
243443409684198 0
232649288651963 0
230268879162124 0
269734134690633 0
237043823106921 0
17887611708746 0
199314209754813 0
197538613215413 0
29771652898545 0
47588439914299 0
281304439843340 0
193699700324173 0
65879080480117 0
206447408269192 0
48064544339189 0
32084050511998 0
208698231450101 0
184218550137073 0
115988077370496 0
190494808823837 0
90985660554557 0
257659985427921 0
237253960045115 0
236686433351349 0
174613166381408 0
251687532664000 0
200333745603388 28
113037261813391 0
131294249398753 0
157327608890240 0
138981441817143 0
183663084559963 0
9747367733439 0
86665564092413 0
173746910542500 0
220994356282846 0
223129925795146 0
186432649302665 0
182028098989690 0
196509325275576 0
80548355713305 0
40456791548754 0
138410207839463 0
254770107071111 0
90397010346794 0
15706901770163 0
281062371261656 0
41356248664291 1
177090315046825 1
104977985467515 1
131935215680192 1
134809820297745 1
148294777740551 1
49172241199768 1
81236221657245 1
189020599274672 1
160800003922857 1
185991870211846 1
212123398389180 1
242452450926740 1
72060603621956 1
186214064908516 1
97390020032312 1
150763861000555 1
153411152490359 1
52323784286129 1
81113482520446 1
19379075929050 1
41012199882629 1
39582518827059 1
26831504759046 1
169553595158721 1
62115750025213 1
169005264039366 1
21952315439633 1
135127327906688 1
209286307724371 1
207692400094682 1
131763660846152 1
159868265918932 1
42992030821715 1
121918429099077 1
57150418108394 1
268818442754423 1
145444400462734 1
74420019472682 1
16937252335684 1
217669541879406 1
123535015377278 1
91835216088485 1
118159121190143 1
42132527644968 1
44628594935362 1
108617833035324 1
111617956718467 1
99729253126983 1
54083239296105 1
279122840743211 1
164326799788003 1
49281346078865 1
138983831434515 1
161129057014748 1
19836248640627 1
62526808739742 1
133101576942511 1
220814378993123 1
33217924055511 1
255498139428331 1
267563259552681 2
23369144925829 2
18614976219129 2
254705356102512 2
181434083062293 2
26692197108663 2
8349097992125 2
184906010026157 2
278744866035888 2
252550382907535 2
67420548186717 2
146728793431277 2
22401625026198 2
196342992707431 2
178271973758419 2
211144141988702 2
265590473823478 2
209547442638944 2
168937528625991 59
222055370896992 2
64402583984131 21
218530160873673 2
51785643030390 2
5609423268983 2
175570838267330 2
196770338140497 2
143583288934721 2
235778516297098 2
105537084681525 2
224977281023747 2
198507699621219 2
107151407529264 2
111571594398647 2
228949530963898 2
172816691435229 2
58405078853494 2
241101806297302 2
158679827692927 2
189094701215023 2
225314808601003 2
89172101445800 2
226349254132332 2
74355163187671 2
196646813533751 2
84372186127633 2
276280452956093 2
42968013514672 2
34068219092774 50
92164170264270 2
144852933760750 2
11433105398518 2
19830187424349 46
36947635147685 2
228266189132372 2
23734629991309 2
80113940042502 2
139271843757478 3
63842235799446 3
1137468472400 3
113161025581652 3
236415946464245 3
14983812595885 3
88237625782384 3
177105089545419 3
119915398286504 3
122577584765210 3
4053303888171 3
233111058196477 3
261799502062766 3
198897208934874 3
93818034417586 3
129177371104236 3
272969817827577 3
192090240773300 3
51199513358820 3
206672562716369 3
102922696175815 3
34941580077885 3
257344709998209 3
177446962503793 3
67960883365820 3
54806486574991 3
223710680968588 3
230330028404968 3
165435370318738 3
114418390777025 3
161578660072773 3
156947530860031 3
163129631458193 3
74980977372622 3
25872968458068 3
152572215753718 3
148329155402364 3
134578355089049 3
158792152486139 3
217321526689401 3
86979024737160 3
137265001244799 3
148582865035964 3
25690070794898 3
130175957001215 3
103580083483589 3
159483451756648 3
137109663207432 3
43452895364213 3
3655804184382 3
85290322033357 3
144115953227078 3
175502147175925 3
88103603222145 3
218643479226214 3
187677304412994 3
231253672134179 3
141391424033209 3
102656946513405 3
254997298118342 3
195095135138367 3
3270963978147 28
145286126178406 28
43331527224039 28
144352454966665 28
86318666302362 28
265345501942720 28
273550989833256 28
264449373890825 4
79597044121260 28
226439845060049 28
215044910969923 4
149749111785038 28
129429710946549 4
153165066212104 28
154480032555602 28
159244175225266 4
227406712292417 28
258171280835406 28
133890372037702 28
5854081169211 4
183663280261072 28
236915491454952 28
263237732425289 28
180167282140533 14
177008994291651 28
221407804801663 28
116550786532810 4
96931460244485 28
144924029801547 28
124462850162849 28
162927378709427 28
8661356688814 28
95729934479139 28
79465522295273 4
211449227754577 28
87212058445661 28
147042142975691 4
5540778978001 4
36902185700877 4
216549042866761 28
16807869542255 4
217270977738941 4
60833736650549 4
23152305373298 28
90170653009337 28
227715434964932 28
169391869188013 4
106295882301459 9
172376152505892 28
147154159684533 4
15413094944947 28
115464566080745 4
152885651592992 4
274092340711014 28
219253394635065 4
123471835278106 4
91083104268800 28
74865548629472 28
84898420185041 38
175741860209751 28
33134024939877 28
146207081684002 4
23872156632279 28
14792895361136 4
164071896917985 28
109172019722220 4
62771542824734 4
73535053739843 28
133329489090400 38
203148815332896 4
245113086784447 28
141570186172622 4
273890636746476 28
146775818621453 4
243989292041889 28
206847746515005 28
203865475796393 28
112612045946050 28
73913113176556 4
279018431031830 28
11621399395561 28
96084093967203 4
281031246737601 28
176260679349200 12
28590876865006 28
26552217470988 28
157980961313962 4
136695163393636 4
225243423199636 28
158085610957814 28
112340631731376 5
66854019751111 5
4254157838532 5
160293426905755 5
43100012790004 5
233793618733571 5
238425996355677 5
279108353996567 5
222139819092704 5
276861943134624 5
78740780633895 5
3172290596913 5
221546283650515 5
273152036636449 5
193506923691966 5
38196351965938 5
66686520873115 5
218960586907114 5
146283801215928 5
23532205318531 5
236304116242192 5
104944190639119 15
187164234249620 5
184048974500577 5
3059424428848 5
161792857170179 5
46574675042128 15
133160929047335 5
62025168573915 5
167001461485248 5
129154747153441 5
9713912661655 5
268285567930391 5
97546865008966 5
270462468105065 5
276827664801127 5
130194877565409 5
189299312905589 5
67375735692188 5
124542570483767 5
218180771818201 5
188847246238591 5
103611676145385 5
79261483231432 42
114302283302975 5
42345953596911 5
21991977577903 5
179093041496143 5
213070028020848 11
99479387212439 5
137583967816908 5
107641088691835 5
217806448836057 5
231382384675224 5
34822062382038 5
277072201267570 5
205354018065711 32
6936398194372 5
109504681838375 5
91223144540157 5
123844836591091 11
202949074432886 5
122214122405699 5
145081550484607 5
13214743337248 5
159331368660281 60
17388037006772 6
51007533655810 6
115562752497561 6
193812940342981 6
266097097962481 59
192829125987258 6
151144958221230 6
92145540791667 6
157967433819428 6
202123764911051 6
148453250967250 6
197640727672536 60
134409604460715 6
108703843044218 6
45477812613355 6
133991998591686 6
266042333025388 6
34237286743960 6
134162068292261 6
211349225617614 6
251199086471997 6
128453091482536 6
232005523577081 6
192086207570453 6
83857972574250 6
265676231520682 6
172471445172696 6
123580866980908 6
98769919080289 6
255713641047279 6
117515551837092 6
28227709615835 6
190679152564397 6
250357494825263 6
161447330998896 6
209134378068437 6
155099624011089 6
73144091125054 6
50512262983265 6
113421010760222 6
211433618296284 6
221063039050985 6
23317440831356 7
5243245130093 7
245970005939194 7
89670052243990 7
99383699287857 7
45047276021882 37
267418282168547 7
252321858594903 7
242030032467985 19
136584348818763 7
50376304039682 7
3583170872105 7
104781439801804 33
80701513582618 7
97423923094030 7
213845854382175 44
238523491080603 7
259513566954307 7
174107300035981 15
197939900640251 7
148107112479236 7
223325254195063 33
228148294294372 7
91566479937608 7
117101606239744 7
101303146334348 7
246094601107735 7
281131582682216 1
267368880542987 46
37963373663736 42
248672606831120 7
190137783738863 7
181586719909486 7
86471975536699 7
15360694298563 7
191237586225079 7
155024793936092 37
136063421746738 7
231043780143849 7
69946927583343 8
121862757823741 8
42089099433096 8
43636965143891 8
150848959960524 8
91249582972491 8
211784986739659 8
60408824402695 8
59725860605380 8
129680223197870 8
44992944840137 8
2562925943258 8
166598786731219 8
49564017811345 8
91705889134109 8
469336348389 8
206851367917064 8
84701166456751 8
174973440720060 8
261560032667607 8
261864674509386 8
165705589182095 8
121581577122479 8
268139060513620 8
63509646303705 8
85530579728186 8
47818378993063 8
45790412463808 8
38582676045135 8
199200032633064 8
73159563631572 8
82436486566036 8
274535970035134 8
212522370172279 8
24485783224118 8
223960038332864 8
154803900199428 8
132148862253805 8
38070866608659 8
92899494884770 35
190214699496682 28
91600526402107 4
50442073516303 9
36802301897753 9
126154395679459 9
71016359528737 9
267703427678424 4
59714047488508 9
188838266369365 9
191918139555212 4
48212024697593 9
202229741403672 9
96580225328114 12
166142539710346 9
136124878924819 9
11155347590275 4
242274640227635 4
130813455272507 4
60300621116467 9
78817776123284 4
67712800039327 28
281161478804351 9
30272630751238 9
183635073259341 9
84603939789432 9
29842999497976 9
258038837767684 4
44104246659249 9
192955556388511 9
200154671825791 9
40114030547361 4
249809140676307 9
149876530037963 28
129766660566317 28
212921756654930 4
234326161229104 9
140940645663898 4
24162322885529 4
189554040395523 4
213442235156406 4
79149089810799 9
223424906493115 9
120733131933979 4
233851708227569 9
82646498312562 9
191440056823981 9
248024112455471 4
195863945394878 9
28899578158789 9
66611303466462 9
256311032075539 9
183209004219914 9
199161640237365 4
244728875104550 9
211056406030050 9
60277742538056 4
28608475093168 4
27880432834965 4
74257633636949 9
8845247146848 9
95107082744224 28
84196979541619 9
213813653751736 9
268423253108245 26
130658846528452 9
132206097565984 28
76420580166193 4
85179787023372 9
29251177240756 9
109619503273321 9
206820610873429 4
178757948779953 9
71802422034030 9
87201883210308 9
228822878677658 28
272940422565459 4
90315381282648 9
190166519378687 4
107798324383785 4
204515735920288 4
41232765084422 9
158245674022260 4
237887840241785 9
63444422373793 12
46321657137023 4
57644407009937 9
94348828007654 28
187195670554957 4
164632583422825 9
88041946762441 9
26446623185644 4
52676037834628 4
61088021297646 4
57778117425474 10
183881023931335 10
211080355984435 10
172811153827835 10
251519522493077 10
133499463956663 10
119713648608951 10
223715804910172 10
172302304321595 10
8759762426367 10
189243105406821 10
136370010372472 10
110702558517641 10
276633919227738 10
277383281911054 10
242482217967596 10
94988222182386 10
63843536816488 10
253330100933513 9
4264824448598 10
129206173708460 10
65533556684184 10
159956045502007 10
176086702062926 10
267761089726360 10
7055790166264 10
82718333892611 10
206721041517652 10
9597753182830 10
250306180083858 10
152578845264297 10
11811172150252 10
84797739808828 10
204830290158393 10
127796308214359 10
151621318831453 10
164156414972891 10
87867396986001 10
75069042440113 10
209938074338917 10
97966602657334 10
204422824254 10
220886167443902 10
233445762947067 10
274694864682185 10
49516640530213 10
65267401225817 10
92234225082500 10
89336541466301 10
54765942226588 10
135262860570716 10
187045979153323 10
119934049559697 10
265444970877664 10
134426556009167 10
252349644193219 10
128136247384208 10
64476820412540 10
171860968488035 10
89580372834159 10
110229537721250 10
148200794318057 10
222025072438886 10
147931307859760 10
40343196724442 10
116698359541762 10
63322630126886 11
261304897325457 11
129134023659302 5
163923880687797 11
13335154028550 35
116912101539529 11
80926465882819 11
253298775813850 11
228368975533278 11
1602134508965 31
236114118286636 11
256556040345520 31
200516202653309 11
91807519554040 11
56157444543788 11
136909777526238 11
23511063120162 11
14426572645989 11
185991343681507 5
174276866030920 11
182767438429971 11
79609830321190 11
209240352783366 31
94986084783081 31
28899332203573 25
239486066199763 11
107321960749923 18
213517070276525 20
126576319963860 31
154355707129311 31
109251260826606 11
257665755516912 31
275738638050975 31
251234447286730 11
180029494639923 11
235056777283243 11
160602510723028 11
99793922665195 11
132161418551921 11
88235372849106 11
20552264714449 11
83992026884628 11
97492656673072 27
216130341768512 11
148309479730531 11
107891819948012 11
139198121646568 11
198484984121253 31
93536766528259 11
256518916251459 11
208632803786867 11
227402125444540 11
124112280129982 11
127688730235705 11
96553330501678 11
44664990429772 5
271131808572928 11
264060537978011 11
45391729447597 11
147343592597110 11
85923607665570 11
219884136853207 11
241031367466480 11
237437313769381 31
126322659953690 11
48691960199963 11
31580045358794 5
115312713799856 11
124503248953938 11
204242969559835 11
161731380395029 31
212969792493835 5
246276018086361 11
25354947094452 11
248983530597999 11
186705997374416 11
198286202403064 11
103737981304241 31
18211557971290 11
4914299795081 11
246776027083643 11
156464889831851 30
57446927031995 11
214831451899431 11
219492255855611 12
22072807102942 12
111059054962549 12
61123665846908 12
178202763472704 12
251281853279727 12
216000896181453 12
232884652573963 12
5483807747 12
102468995397779 12
214153770421689 12
25146077937961 12
43510638435816 12
206829976382452 12
224043569248352 12
181910358988930 12
246560626625482 12
262017282316875 12
145364086844242 12
33235704974907 12
93988622603559 12
270341823805931 12
45821136459516 12
204650629225801 26
126207800885299 12
226858239197475 12
96863066066019 12
123156313084509 12
43401684276993 12
262152323698504 12
234510109476864 12
204292871734368 12
138975961852938 12
19768442457537 12
91904188516195 12
261513712329995 12
138001899542091 12
208985391795523 12
62401078089943 12
164865713631182 12
6439901934117 12
6748785138471 12
174730934543543 12
230796537518846 12
97546302499727 12
139990246531823 12
5512858470481 12
180290002856239 12
167451331297048 12
276322411662654 12
157654423512678 12
115315902541172 12
11483200576972 12
215854826881184 12
76141473997002 12
73864859132580 12
115512974313747 12
244328275028767 12
121587182795202 12
266761733203414 12
241887632852138 12
235805727295722 12
237961104595425 12
12894853599141 12
104658043132434 12
178279573188226 12
215058641056545 28
105567525843174 12
12778715932182 12
176956514695751 12
78875477267473 12
200908813582817 12
12561800803928 12
215409154676231 12
238974346503320 12
20995228300362 12
42301619333071 12
151962360087542 12
275706314837458 12
109133164785572 12
238096494430854 12
137261193933130 12
69242975484000 12
45789560026375 12
176697601183067 2
66485325306256 12
216550908696760 12
244966499556493 12
131768108123304 12
163592592243724 12
3583687787207 12
54619792790167 12
203112618455042 12
194000231328180 13
247052600706227 13
71890201985614 13
112126744524144 13
27685923958741 13
211098200924028 13
141745836126341 13
2586079136241 13
164675968823432 27
124952643903438 13
38069402104269 13
252894429216422 13
62540789621523 13
14027463111899 13
202115304270094 13
34281914123852 13
235969886239490 13
206481193496201 13
275492416145623 13
116090576065056 13
10845072289348 13
146786106778565 13
49055465555742 13
53517062636982 13
164363449744809 13
240918522242732 13
98415121891954 13
131303378143994 13
157980581747466 13
68725446719104 13
188397662615219 13
268102251799463 30
161421579849631 13
121973598202187 13
270001361258802 13
146175204090805 30
162820015511105 13
42275051239422 13
272882540504223 30
180757880360005 13
163952516903339 13
147073793020169 13
205809956360908 13
91634202684392 13
101840418090374 13
163759609510989 13
58509744917541 13
112686978175052 13
255341011004002 13
215917871118159 13
258087266721662 13
271714583823415 13
103780571633452 13
142109391456942 30
197543952357296 13
164494342216655 13
143606362737500 13
137740586426224 30
173556085979798 13
78989283997726 13
1404434371434 13
174174841504636 13
99443153166210 13
68997075868166 13
160263849159951 13
55671141146448 13
83313902886227 13
200840905010023 13
261233802817856 13
238892983920754 13
134530237594495 13
130684576630387 13
27877668129782 13
20629646332647 13
191928042343365 13
54403293570950 13
256530922433380 13
90267317193885 13
132625394631651 13
50294195797832 13
221452271730554 13
158829553304761 13
127073360381344 13
101036913418300 13
14467280036131 13
102921576038410 13
12045925152689 13
120818087787540 13
235601167922562 13
213489918797292 13
182480946814850 13
24567477656035 13
140784489181398 13
216208480708554 14
251487029785135 14
231977592901642 45
233651652198456 14
60724394534564 14
264924736852328 14
101487293243354 14
85818394683358 14
259575629585933 14
139148362013528 14
36720532153064 14
277743941922125 14
25466812493405 14
154766305155713 14
107115509606166 14
126473562059200 41
78914041479187 14
79470306891915 31
71753023644139 14
56450566924305 34
176667084499971 14
17563388786140 2
162585850226435 14
44494185964725 28
20766610444006 14
23946752105548 14
154448094715703 14
198263775445888 14
221789705817368 14
180565641241823 14
55990840795100 14
84890493161988 14
71811882892882 14
187106134957508 14
210465131592393 15
177625833923849 15
172391900407841 15
182531768985078 15
106559698766658 15
278311449759677 15
111175386430079 15
109535524312477 15
114627037655021 15
85055955643071 15
172161715898151 15
15488774275832 15
134608882604244 15
184142278395398 15
144866296805171 15
137285611877040 15
233512800251873 15
114079851446881 15
252298452414808 15
1678884594645 15
200034570964506 15
126160128349604 15
167210102825826 15
17878220587622 15
97715479459311 15
223626590616317 15
151291471742706 15
183115706228749 15
275011042621250 15
148014718260532 15
171415804884647 15
65023562224765 15
203255946029468 15
40185299228332 15
80926654238459 15
45074345484968 15
48425781083545 15
34313105039019 16
237450522851959 16
16318180674983 16
135841176859344 16
134809262187311 16
101804883761498 16
49140290717014 16
175833191975094 16
23130194784442 16
140015625910094 16
268165418813850 16
21196336936726 16
272707900810153 16
257937630778243 16
67384162426776 16
165825478240539 16
179289013377824 16
63296478249055 16
72677753833298 16
153474954183784 16
43848027933008 16
5276222569725 16
105958281971805 16
213078927784346 16
106865694620625 16
182205001839771 16
212995932338683 16
167951668772367 16
13000828071753 16
269065833385582 16
113400033107615 16
127556405569552 16
64764819549376 16
71505608290445 16
198789069880697 16
280567934004869 16
238909648153188 16
249322836786865 16
127737795442294 16
55823088601273 16
156092818219443 16
245265403471305 16
279219782183014 16
179204217905919 16
83237538181986 16
697312951672 16
123854986525613 16
3049137419708 16
275529168091803 16
160413898192797 16
104202480552262 16
156029079927813 17
51499926805536 17
93116274842975 17
257971255868545 17
206150583223791 17
260243562757983 17
186522984906348 17
8109035450278 17
37079958159347 17
98170237837700 17
23400265084351 17
91078423258739 17
154769830245423 17
166935277509428 17
965447670143 17
104831004455202 32
227049399455780 17
4917265118528 17
140596428800986 17
222643034979350 17
169512038231051 17
279539628799741 17
72536583884987 17
238300031275800 17
102471515030548 17
270561149707042 17
154967649168339 17
7876279860628 17
22832436892678 17
64582223162337 17
216348908509767 17
192103537761407 26
88221057699103 17
234435913977228 17
15923490876633 17
212048637489347 17
93661139982898 18
186919692938428 18
207899356804158 18
24960145091791 18
52971816533077 18
72567540237674 18
98282424304722 18
171307939946281 47
274719942296702 18
150267130243763 18
191476916889881 18
218639761105264 18
48986075165406 18
86155423286473 18
113871154093979 18
127909162109696 18
53399356272130 18
13365109400772 18
34928274068688 18
198624613677642 18
120188965690688 18
26934930432324 18
143346698249793 18
88582587692239 18
140442787049478 18
263120110100464 60
237120314368499 18
185015091698676 18
124756289020377 18
51560983198357 18
270427896636178 18
51348804772687 18
259413202255580 18
163847441725548 18
215676819757263 18
1144519879932 18
68282207304260 18
133101540963384 18
152321332262986 18
54614774116093 18
142194199107199 18
4845354194230 18
118819128568102 18
97145642533483 18
247327912901462 18
38234420578718 18
73684766409107 18
71830534448133 18
258871919714108 18
136614423815255 18
221436708923641 18
258323352709666 18
22767896582060 47
116187803922967 18
211203355212895 18
33333083660053 18
200861216035896 18
191197867564037 18
206645415068298 18
59068572182539 18
125499020673597 18
71639025434889 18
13033073402967 18
115575082862229 18
234522370249798 18
218285498303089 47
278219357708451 18
278615515722977 18
166020469475338 18
263081584763041 18
150349141746916 18
216866703247847 18
165222481077402 18
212891269197304 18
168953662687215 18
90800299054138 18
180761963231541 18
134506320185935 18
45551787346273 18
231930544107496 18
267987622524404 18
152379814516209 18
106046659065168 19
60693374198338 19
45913266488472 19
149507510500425 19
273273086139526 19
159273981984857 19
171961351023626 19
189119760822606 19
248967491985844 19
260878523335358 19
45434573985527 19
100685177523981 19
134179302319766 19
101009161330637 19
99397250370202 19
14644931129211 19
145644382701836 19
232906778776477 19
209098141650873 19
121117775008534 19
87840802081751 19
236596445524411 19
19235597066441 19
12943022550349 19
225972641623255 19
187588843609703 19
45647849958685 19
217715906810792 19
248751888655641 19
168613363681124 19
85070456348572 19
182098349085490 19
29737386807885 19
258459586275908 19
131443105912527 19
7182457509484 19
46520170938136 19
267106414128989 19
218297528546487 20
133032660816169 20
27001061837758 20
97029768931734 20
97315733433427 20
48589930207498 20
50375671923675 20
70101315659682 20
173359877157136 20
101902728225649 20
34218910665791 20
60058155438910 20
86546909830234 20
109327849234969 20
133647372216371 20
219488353958031 20
105112515137357 20
89227264882019 20
36408181805211 20
245597574620115 20
222123722652051 20
6374563302182 20
2221405329187 20
250139076093743 20
165436151701885 20
97752180886923 20
164078945000947 20
2783775949561 20
244668971539466 20
59227835200463 20
272024015261060 46
53652311109623 20
132928992129828 21
134214734082846 21
194323676763137 21
143365099898216 21
260794467697481 21
88957115365338 21
253286316047209 21
146351315522140 21
121726328228586 21
157037847932660 21
151895074112441 21
241867894534122 21
22810651138269 21
155922623731183 21
122402965157472 21
22898426964350 21
255358980435569 21
16723633756096 21
48473033274973 21
127046343878466 21
216397973647672 21
256658475038195 21
22582212845365 21
121756081091216 21
190079114679019 21
124709511721099 21
84083965615413 21
92458592404601 21
73662723849585 21
73746126417441 21
103109597884261 21
2331089513750 21
195903742210222 21
58983576945882 21
87480525330660 21
259617305987172 22
276893014384819 22
279530636195832 22
102192970603662 22
95585777988073 22
172950980868777 22
117935321626322 22
22037908263195 4
237257538929595 22
216567280338652 22
229160863179192 22
110095945018497 22
89305040377962 22
133130008154222 22
257328444076928 22
131189535634054 22
17019812493348 22
242569691711508 22
120106972839801 22
244902072748202 22
85787690673682 22
149169295482097 22
253661992871915 35
219826634128128 22
180088344421420 22
143921000816089 22
78097091889434 22
264240342047382 22
272933024094570 22
240256184825591 22
128582616534568 22
43425777598937 22
147238658840845 22
40417797998149 22
72343911142460 22
135874724368823 22
136655534055268 22
130293185123533 22
36523759573442 28
25856208605698 22
161724012719745 22
104230763245990 22
74715306235020 22
150506003782248 22
42903676672138 22
248552762107079 22
109215882253760 22
91621415343559 22
190518052732374 22
100262754885861 22
137074534789072 22
100652986102766 22
147919626938130 22
145675672815525 22
134944922235901 22
134624161725163 22
9852114565752 22
130490475428426 22
39504649386857 22
133367265864671 22
180780423156427 22
264724948442650 22
25802022886261 22
30850156687616 22
176017733572653 22
134176329403964 22
90205649721651 22
181554654633069 22
264329444873971 4
25029570832877 22
12456309373781 22
98678844005910 22
129983775704985 22
225820498325349 22
251533235477034 22
269046442807856 22
226171961077325 22
91919453235342 22
235056433487620 22
157914015316144 22
76180254338923 22
2647858576847 22
151366904755989 22
256200377465492 22
99097639376215 56
230510646262224 22
224047283140429 22
98168509933347 22
23644315253322 22
137181771533005 28
131270686386229 22
66437982932693 22
33088157042876 23
254240853673709 23
269881540257803 4
69963225780410 23
83541242335621 23
184406827771362 23
26872410075848 23
175753700924946 23
12292152048681 23
264918415363297 51
251770785409192 23
242667091017283 23
65352122144404 23
3540218614417 23
90725949320722 23
204025839072014 23
33296819543038 23
13872458174180 23
97724512371132 23
68529830020646 23
208144235045246 23
195617356125336 23
95348989219345 4
190822929200803 23
171457650131011 23
37813089043721 23
48176244607124 23
128661270090750 23
123816131926071 23
254781143323284 23
69244753517974 4
118091211935786 23
12788721723597 23
121225868190850 23
227819747740485 23
107478836769069 4
135459075757545 23
101615687489802 23
264838502193830 23
112105395937778 23
263734401551587 23
100064773510504 23
118316995910397 23
27054206057408 23
269892506690188 23
17684060259967 23
4510468816593 23
14020286149052 23
80724414769518 23
228690801822600 23
138271495230517 23
150546554770119 23
23918298582419 23
215901833306224 51
59215420370270 23
235372116107421 23
78349819555398 23
223187732439166 23
209009712047151 23
147992616000008 23
151691183793096 23
222572115997465 23
8067390280221 23
208958626564300 23
37089647016889 23
92643430511850 23
94815161277839 23
31345382024291 23
18603950699216 23
44345968069814 23
158667917666251 23
178385630826150 23
207961987160466 23
191398953612570 23
63181484801876 23
154540256493386 23
159086799632577 23
64757791868547 24
71677408146397 24
125711552854660 24
24291466574199 24
5337743676959 24
216424934577177 24
51229365635039 24
270893342136292 24
259968945509080 24
139373497148419 24
115805998263969 24
194684824204325 24
113343894026481 24
105902364238612 24
140082244344215 24
17013734566038 24
225890289756825 24
43332544842790 24
91342669957015 24
24018797193891 24
251270193984770 24
82121434654639 24
107140940216387 24
242842733616781 24
259883731620962 24
124314333784035 24
67725581923616 24
206507917575731 24
24750320189285 24
104683861293976 24
254543815981099 9
137749205559206 24
114719832001474 24
59837123036548 24
260606850349288 24
208916015518852 24
237283887790751 24
206136905390812 24
185925961773476 24
75576112584615 24
182697270640782 24
134619135201891 24
18897272654573 24
105140101829321 24
230723792111669 24
156854803831045 24
5500619691085 24
255648651001809 24
112516127196905 24
30505425112223 24
70600632252386 54
124978066751617 24
26156834764454 25
106126949802987 25
66699702439622 25
144834767159962 19
149799312123086 19
226661724163704 19
33619070091494 25
21669765606278 25
13693129613196 25
121043198182572 46
80645535238672 25
146374696347963 25
202292983684946 25
178654391166343 25
30561529377766 19
186522347129150 25
130875313357667 25
190944791187125 25
204142514155256 25
268843969458862 46
234098419670532 25
281464908959842 37
54332272559671 25
4789119015731 25
76993154839521 25
56431674879365 25
250289259268515 25
44017302154207 25
191315316367442 25
29157161382027 25
84836895495600 25
237863194324652 25
267645426731045 25
107059792999151 25
30416282951405 25
106734069446034 25
151636240887076 7
173400695195521 25
183576566549239 25
22136047757038 19
50856183198837 25
212240021185209 25
112087263577290 19
29003239443375 25
147425211507514 25
248151128914506 25
161067080931724 25
158913534260822 25
166854319782671 25
122167862482975 25
60092491761376 25
75245546319983 25
199858570606883 25
103129434325698 25
182001472245131 25
267815318522116 25
130465908663064 25
240035591592123 25
154137507493561 25
229955606161334 25
179989631959593 25
196940071866734 25
143039494532920 25
243195187642075 25
254877486244851 25
189859095896124 25
3639433039015 25
106513299728284 25
107460388879625 25
138188297074180 25
180013710516403 19
271231909267915 25
23761535701415 25
123130749151605 25
256958595926595 25
191898812529469 25
24869002610091 25
18800215662955 19
34918606616586 25
169130139881500 19
137831595687193 25
248389912988876 25
21344972877433 25
259580333652312 25
74265302881795 26
102415980470118 26
224263048240579 26
250204498089663 26
158623874236366 26
170514013508690 26
1599291287230 26
17195678707271 26
24031259396164 26
143902082246511 26
270706133114120 26
213480244403256 26
121190312976624 26
193740166343597 26
167885865035639 26
2358277274175 26
7317657410726 26
129783626212438 26
181040127007501 26
213343647892610 26
245281442675932 26
180262160001325 26
216360352015999 26
38043526995731 26
242831515206478 26
245720596044004 26
41489980735411 26
181123332695585 26
22767558315815 26
114563480214634 26
169999262716674 26
137839810280333 26
36801163041439 26
205009087314350 26
244302687940989 26
256423909947202 26
178449891390006 26
258232241216036 26
101678809357586 26
173164380768577 26
1501491778487 26
51777889918009 26
161149969886275 26
197074720965693 26
34791015610360 26
258057164639986 26
241076558379456 26
12906672972950 26
33545508276508 26
67750266878522 26
280182614314976 26
70583027850934 26
22537385915995 26
279594573277187 26
177934365483828 26
255066085755419 26
118580506046761 26
63931153553493 26
126495990003020 26
137195827809357 26
221577368460157 26
36500848911023 26
78752799892902 26
107137370370652 26
180689723277569 26
128543356463213 26
233394151473789 26
112888902879498 26
264737652569791 26
49780299812710 26
86346339772246 26
77664914920799 26
187682759156601 26
114611320539123 26
225629295984 26
160948648988320 26
217358161687474 26
15487857206863 26
38758194684133 26
193601407490178 26
251989379381414 26
48897289388815 26
79077048374133 26
194993881032082 26
102939381765 26
139311012438669 26
280977329385886 26
88872174310016 26
91442808852781 26
152484321516992 26
182406363590443 27
202086560756047 27
91303098783097 27
136987149388390 27
11121720748647 27
155223647473308 27
14675758277506 27
101549945573014 45
39212644569598 27
30002824384983 27
50461143851969 27
58689843925584 27
255946148432019 27
117672912699207 64
151854521664787 64
222953949113143 34
182818106084290 27
12907673990307 64
159384639024206 21
276051848365563 27
268081137459716 27
173461860365593 64
233727159018402 27
248188169020009 27
176763010080636 64
162473292428245 64
76636644176832 27
185282990621522 27
252086241766370 27
144918631931320 27
256397296355047 64
274124356979205 64
202622923445073 64
21354436219338 27
205394231069413 14
39099304552463 27
56779299274476 27
9311982353048 27
175751978789402 27
173996713285205 27
73935326631342 27
168322471644224 27
273936222015736 27
236636155165039 35
128721553757621 64
140152397410785 64
19567786546536 27
86790691063950 14
30355554101666 27
255434020090251 27
145554162489420 19
200205783571743 27
125290000895175 27
107529289353026 27
270892080352082 56
110921050743577 28
86835751327346 28
67002981683507 28
229282974506845 28
53476491922017 28
278168026146475 28
24076952146251 28
213619813767304 28
185430224258801 28
194331352911467 28
248056078921123 28
241682827908382 28
93194850523863 56
10168120641700 28
37886327781234 28
62755146420986 28
176497135232781 28
209701287442204 28
77752711561702 28
125384908727589 28
32557663869870 28
184879015708237 28
220218569775978 28
131318864214268 28
141278752175539 28
99164726663622 0
216248137923579 28
258079216757432 28
95140953658845 56
71437160767017 28
197251160277809 56
86706741475662 56
106511584579882 28
25996325923260 28
165215577847875 28
164486752962310 28
150982784094368 28
3975144158552 28
137674348957165 28
215951218589594 28
78594730951740 28
65141175460950 28
165772173641945 28
24005799614876 28
71909490452029 28
243056158861670 28
221719263775649 28
151364257257787 56
237594326306674 28
18516269470662 28
246331872347172 28
6410987168644 28
217311045325440 28
133297167291729 28
271515548289482 28
9379137233606 28
202483071288223 28
231372561572505 28
123959453696753 28
69365555059841 28
116152058120567 28
168566901480082 28
133845288560882 28
5338932727571 28
154976767994455 28
177346770022081 28
258318630502322 28
220749790184095 28
158969071873250 28
86373891423969 56
250602207252495 28
166144472674653 28
100622912065416 28
102418281345815 28
36110243587340 28
243808384361633 28
20066239202073 28
137864853900784 28
77944029861183 28
9898192381084 28
26646856022377 28
162495040596047 28
253913524726928 28
139774981363465 28
124329315564560 28
194356543292329 28
154766382600597 28
227514024075557 28
17917617829559 28
160297079623716 28
96224755211346 28
192095296480350 29
200162169705582 29
212480947182282 29
77373215410050 29
33852491600500 29
152542990485417 29
78354287451943 29
117896350974865 8
275829455983338 29
166793470783700 29
121488188464095 29
141558878268782 29
81059792501155 64
158397467936832 8
270361606090575 29
52016252626901 29
218608485816809 29
71063671880140 29
142886867673525 29
64051997895086 29
268590832957466 29
156307244021299 29
104452363087499 29
60204300529909 29
75321531525723 45
34311643268958 29
43463117704587 29
12168733826371 29
100489662304633 29
279461135271910 29
159570499766686 29
172832840153889 29
124307303589827 29
66122117241993 29
245182565718638 29
165294848453952 29
181816063687315 29
15957558427601 29
64151913521271 29
49506614581405 29
165559886192757 29
95570625554077 29
264360838182126 29
48462469659190 29
57997480297303 29
150875473393298 29
148416125355831 29
219643961755091 29
92574177557010 8
164848980544037 29
6742879269465 29
126816050151400 8
233239402697511 8
238464983791621 29
150679485263018 29
201228166093775 29
172707691628425 29
64518845441948 50
254073435301256 29
6134608474557 29
192249811717203 29
194435447680440 34
237928151337700 29
219914623171940 29
1961678134166 29
219590104365763 29
104089105084379 30
58929155867537 30
250074407590761 30
266859275766933 22
15252340041130 30
4986897456512 9
71971459732658 30
237594259240209 30
231172157561671 30
185567141481213 30
15577568339190 30
150013722321441 30
207659327864395 30
23983171548675 30
59190938923071 22
156038356254659 30
100369381393788 30
270955640033498 30
124747966471342 9
148517335912077 30
13957920947184 30
267527187626926 30
183766812732048 30
146808688575745 30
167163182501242 30
62691767669581 30
13968697455663 30
194601167248283 22
52272516296100 30
169248961879115 30
259793597596418 30
196277748631658 30
38621132360065 30
207210088376516 30
110229167975581 30
27689499991969 29
183223828759904 30
105024330004438 30
190905322738497 30
208044014134254 30
170932828924247 29
4320349564961 30
187995838765016 9
190641652194149 30
84355269445212 30
109165637916082 30
113752951664134 30
161153008385007 30
214177994066059 30
80266429389530 30
195678390485515 30
43821405712234 30
122236179363687 30
92697166986899 30
19183561976799 30
253838051359132 45
158495917697722 30
32542305375388 30
195322531518058 30
20310152627209 54
153760821425306 30
144156721523987 30
19896922035244 30
133694603275039 30
12221958299594 30
66227005438576 30
278780772895208 30
207454707160763 30
199324308851897 30
260045776385672 30
143777755397507 30
20549541441954 30
89414047206677 30
165768624674101 30
27248796412688 22
107238797750876 30
144773869406875 30
45374300075633 30
247288105079417 30
209832009471176 30
138506714846643 30
246051780606229 30
8961291891112 30
74034278011024 30
106544090059482 30
64918170626361 30
125082958630543 30
255219423005528 30
166071229023868 30
247251346131810 30
63959645615354 30
128823744969485 30
137392341613584 30
105073806446593 31
247167938044571 31
267686041110648 27
167175911001917 31
268196635409702 31
29508199418898 31
95234177734364 31
237163976581477 31
19691512077721 31
142815552919619 27
165767453609581 31
85873945801347 31
227145828183953 31
51748720245772 31
188946833495708 31
240940079116406 31
213084754739521 31
103009453308924 31
46086096194636 31
187562130657935 31
179263612938579 31
102272282652643 31
72219313912024 31
16969337733350 31
207745954877916 31
101735457518034 31
57774282239668 31
281260182224012 31
179325397604321 31
84576941288169 31
269729034549639 31
76217018733359 31
117233765758524 31
105736778766712 31
114266500207350 31
213714126400403 31
231161305236149 31
156488223238754 31
112322948463902 45
107939281192499 31
597137311065 31
159053948879485 31
117775834979090 31
262695247177521 31
231154244179332 31
58739642618324 31
113180691021403 31
203894551825570 20
28312639922199 31
36662977552202 31
266238517821740 31
23955130764078 31
63216322818933 31
124681872635356 31
218667751495409 31
205147070989872 31
278435449724295 31
238762532056453 31
262241326963714 31
15450096839045 31
40656853936920 31
139581178842809 31
150855680721544 31
63906231388230 31
218716974751530 31
181329099185061 31
6409864526523 31
228682789182320 31
148280648829470 31
222139137874073 31
91914889835347 31
23675908039268 31
14033999370970 31
151651318754819 31
158710717661984 31
66596357594551 31
176798935181282 31
249149329711812 31
48984185030776 31
244322402503368 31
30039689585647 31
2562782166098 31
108550703563168 31
136607905091275 31
50147995744053 31
148821507556558 31
240930577495613 31
107116779599414 32
147549354042332 32
65602919785629 32
99781407999771 32
141461036382704 32
150916734708513 32
72685064863175 32
204903224531758 32
274270319725881 32
46225242403377 32
31257142697847 32
78050718299687 32
187152948580506 32
171802565375688 32
234350189157491 32
63823714568991 32
128016797458308 32
135466296678470 32
101941639330507 32
199966909143096 32
260775630161164 32
230198841033714 32
135912057806669 32
152899677053038 32
130741310323755 32
268403080589330 32
11264760035662 32
153912954434049 32
231119679562445 32
165425326114248 32
35572237277100 32
71142402678256 32
231505780378814 32
34245854406923 32
121095234040937 32
255251716318345 32
202227532848445 32
31864112190348 32
12077093393617 32
153146810138471 32
256170249354101 32
8216940007870 32
242370892863508 32
174259477698414 32
172283635888448 32
105337962873962 32
137744806474433 32
116223642983592 32
147254418004787 32
144440489739401 32
219167562105908 32
102037310654432 32
49224315068246 32
87316967700043 32
44436918831935 32
176865071372884 32
273894383184023 32
280389287105127 32
232270400168904 32
160704996568467 32
211408969080232 32
74204165679681 32
258444147244890 32
240389556808805 32
99040290585548 32
189156931376499 32
48727491608733 32
3324043580649 32
6770737722569 32
211458196452629 32
152027912273920 32
144008768955714 32
274015647153163 32
246647088395832 32
31572557407328 32
158148736940244 32
16423294132276 32
104541567134402 32
105087054555090 32
5171927667201 32
138374502449363 32
195928599987761 32
233028195391794 32
204785047247137 32
90647146317009 32
6157551315688 32
183484378427660 32
112731287333824 32
268833151261192 32
20685210490168 32
90983489210499 32
177838970016067 32
101192553718076 32
209275173286964 23
103359053404921 33
94182551384646 33
275279099714381 33
172465826186749 33
222275172563240 33
39599589707027 33
153569853316142 33
134983992240971 33
34495895516804 33
118174305528422 37
161466845442576 37
209486457322089 33
187133552670251 33
261575479724895 33
255301629094497 33
13798541690899 33
185492470733418 33
37139023178606 33
194065296752524 33
25671818453631 33
139403914302224 33
212635973025145 33
198038493134019 33
106970331831802 33
76190253953788 33
232863022269618 33
70029448637490 33
202382238129587 33
63874564889446 33
190446357373704 33
152126383579126 37
210659023953566 33
204061087389777 33
115473314965706 33
131896570750519 33
109624568013658 33
161241213051340 33
243428278157814 33
205424649960536 33
83829363058600 33
90948721632227 33
244254319862678 33
170068962384448 33
131306911034620 33
108712957639745 33
35483798766093 33
19204498460432 33
34993495881743 33
229508985139822 33
234368182894627 33
152171426172256 33
77160852906295 33
32750447239208 33
29233398631249 33
69470903734135 33
198749199377460 37
277913984240840 33
120715509993701 33
18082984877243 37
6735060952952 33
211137722177810 33
233067122942137 33
10233178527316 33
262581098562335 33
257401005358772 33
147974933890160 33
84709486606813 33
67130260859317 33
139741079351242 33
194188356704625 33
105566428715484 33
95844415364010 33
243480892713778 34
76926783203192 34
246385152816982 20
246602130216368 34
196946861811660 34
12233938929901 34
8171801077124 34
34122845605283 34
89873981097088 34
187543612443750 34
257230370736898 39
251738332816494 41
261879527417326 34
140655582552306 34
266548021987087 34
72226647830307 34
47419095621000 34
177678760902375 34
114744783796046 54
259065390122536 46
237935328289183 34
146458415210603 34
186658919860448 34
189176219437068 34
59564731542436 54
74158386721869 7
189434097307034 54
157865454727684 35
268078847079661 34
212355404833947 34
38674674626556 34
1890201102169 34
114715244190739 34
16929940875409 34
244017244000421 34
44979369701559 34
207452503888437 34
212685900047398 35
233860487479886 35
111279728074203 35
155378723762904 35
195321070290131 35
167899800565230 35
137707638418846 35
150254473637181 35
88032917826626 35
136754431059608 35
21179334578240 35
93124584524615 35
5549509473569 35
232435539963282 35
266757429700742 35
193116735309104 35
84937463583273 35
32581528713315 35
233059567649956 35
24628672084945 35
206053238289098 35
206959519709558 35
100927627010464 35
277192269785762 35
166468291743624 35
132235547987244 35
135033769103429 35
243781236608434 35
120859830053533 35
71582516222630 24
108184507962857 35
68203275713963 35
36211837758498 35
108592049206669 35
67435550620159 35
230096540943888 35
137544909376520 35
215550640591988 35
8543532564808 35
83983695621609 35
88474282638474 35
159599004948798 36
74543439702692 36
218822837844311 36
4713773081007 36
236833283478633 36
48681758441939 36
105230349828839 36
637360827753 36
112768066698667 36
280776902075603 36
222652247727364 36
39537882372318 36
278904316142298 36
115704916644502 36
55392382911699 36
91734738488996 36
11697619520473 36
48958282144561 36
186823213360810 36
189028989641584 36
78502891592114 36
179513307907559 36
128082398627203 36
243212322837083 9
256126472210898 36
58577891258237 36
157247955820893 36
191845476724623 36
175819039794598 36
35457014761136 36
60255709518549 36
211665492166653 36
16415592287691 36
19272639129801 36
51286920733211 36
9889389487125 36
122050804885815 36
30249337684112 36
211659563484256 36
130755584443324 51
145849990494025 36
255869402231489 36
219476890636272 36
242510576058537 36
53759532187226 36
62202868967423 36
237859236583247 36
162672462194326 36
250009332868229 36
121914397347842 36
186867126226956 36
85730481233612 36
273324886458347 36
142743005761290 36
144263909405723 36
146561968425297 36
178515426661290 37
97143861805531 37
146727840644492 37
49632404469246 37
166946289501800 37
196390474653260 37
141248388491454 37
140194768382455 37
233265883937857 37
218963794484866 37
125428271984398 37
183418879635355 37
125357776508171 37
36257584516373 37
183786897311679 37
100231449304701 37
279573428880070 37
171088699146576 37
110675729071823 37
104071183757873 37
34225423580209 37
219265588359824 37
64660243112444 56
254105996222071 37
125721451765069 37
173520619503983 37
103370343331227 37
182375785381710 37
86931827954363 37
39046564249046 44
88978126755297 37
165826702145207 44
187397905959394 37
182824091097170 37
267198485926235 37
266961212647127 56
203134421733379 37
110354402697266 38
57365172331389 38
226964819146547 0
38517562972340 38
87697171839877 38
265245925464105 38
281397204959192 38
106307471552168 38
19850775979308 38
21947216993257 38
31413678370810 38
190083729078637 38
146947417440681 56
272069315239956 38
35621479879651 38
38401551695091 38
94944721793826 38
165987427883959 38
195032725097289 38
209905822794404 38
205532781539466 38
134695022688226 41
213495706808455 46
245658799744384 38
16766360323139 38
267779762132476 38
276681163197814 38
124633536700172 38
14157870015431 38
185467514356657 35
102704102216273 38
126025923680006 38
194429688271203 38
14470051182418 38
63488920400658 38
154327375794756 38
178771068144529 38
257519783337502 38
39173425183815 38
60309464778111 51
25652990806772 38
69193145705197 38
189418300206003 38
134664756976980 38
6934136849180 38
17788110158251 38
279935100251160 38
158299725967007 38
59435473059817 38
112092328092327 38
79212629154539 8
272997050484312 38
231472480219205 39
257229410163085 39
42451590446718 39
47943465433142 39
21266997766431 39
117495807478799 39
221103937666100 39
250303480561420 39
237156502916706 39
134565133049255 39
122035086549781 39
259558291639409 39
213022131935141 39
102391726055557 39
131112123127612 39
170481163254073 39
73119182099704 39
279987762509278 39
62581341627378 39
147730121808112 14
100231529994299 39
192585729310195 39
233443056738015 39
15410595449975 39
279059956801887 39
31451277373919 39
118765469849150 39
139930540475104 39
35585817690248 39
200614462785973 39
257409074328439 39
69369951342554 39
14708031124253 39
275427992196745 39
179606258113856 39
235012533437759 39
109500171151075 39
151942021623974 39
207920948129190 39
39867381042877 39
101172676246413 39
90269753000223 39
64835751074004 39
100799052086107 39
266517627606500 39
274943556783415 39
200787010587022 39
257933449277632 39
237282236371766 39
26509224416589 39
70508599725254 39
214420933359312 39
208097452041768 40
123633611360908 40
83305478095208 40
163561545750546 40
5770299202024 40
27581051367744 10
87974355894256 40
260487046936503 40
60990333319379 40
67714715481193 40
240268479030695 40
53622711592831 40
251732724612553 40
248325744078868 40
68823258416293 40
157613820494825 40
169156032752835 40
116292951039021 40
56164185653035 40
172608541053910 40
227971135164858 40
164214335766797 40
247427338422475 40
173417468923543 40
118470895217527 40
153854886893949 10
10684279285019 40
44448494868717 40
58520563561281 40
91484272916326 40
79498238944288 10
207642983221005 10
234123926326613 40
5089513630936 40
189757761653339 10
124333585696313 40
136387786844412 40
102274370497438 40
91872254009849 40
203371550845729 40
243338611828675 40
265688871697278 40
105862594023375 40
72673972681754 40
72897466558398 40
55154627411390 40
205291566144053 40
54845885236735 40
191633396721553 40
222813559020174 40
269853494073286 40
227064066371234 40
20769140486168 10
168415497291095 40
72914067999098 40
224715953221800 40
82672376514718 40
45419070028754 40
134598238701401 40
15691446524341 40
4132226233563 40
215665271562993 40
135486404014968 40
72744088451695 40
106478278433056 41
147287197796969 41
140710619416684 0
35091956389412 0
166566675157024 41
82646585825594 41
266328499938371 41
240706541239676 41
218243669367973 41
199768279908152 41
229801446730889 41
276399215467143 41
33097153683216 41
195238793592877 41
235245141799131 41
171807625353528 41
87115909584254 41
2001834363170 41
115339738400706 41
151718848042809 41
274226188552939 41
14578381024873 41
42527717357783 41
228793552103655 41
146552159644564 0
181014026584450 41
136525735745037 41
96066013623944 41
65663254476511 41
168858850550649 41
226290046019372 41
74439539480647 41
61656472032053 41
135557840702790 41
175467698371427 42
55865820845484 42
8024244893190 42
117590530787140 46
185122678660591 42
146148546197748 42
29574901703650 42
188755862941418 42
19486265700313 42
230316409262336 42
13186143160725 42
167810030465960 42
243714540653462 42
119422360406101 42
60607465434727 42
5348411618079 42
116229341765485 42
37763217294059 42
13629581629981 42
35412103066633 42
67968700472960 42
242775514284625 42
88235779151342 42
144706703383335 42
264595783124716 42
253103806166609 42
246159250994385 42
78588130390092 42
25783992612418 42
235053737221524 42
95466006346548 42
239027735534283 42
132162419174761 42
214712811678585 42
66274300433944 42
5552915726436 42
244006055121823 42
70833606602863 42
62322797026131 42
113635971248085 42
223312699218117 42
129850413350589 42
162219941473586 42
233871482020100 42
141692238124791 42
96389989392806 42
206058656690385 42
267671945019745 42
190663792575417 42
236314141974858 42
33945414310484 42
68023858197390 32
123351811261571 42
50126692659575 42
141175370015650 42
271203023478491 42
234353816468234 42
175517009247741 42
72044984184828 42
136961975575261 42
180638017105287 42
521477246084 42
21161583576848 42
57538029682080 42
251312628271673 42
121164326993246 42
146354851175134 42
253365290674174 42
81274736845130 42
189580999542805 23
274645071794145 42
255127524099916 42
52403271658627 42
202006011047685 42
109232772072613 42
190706196064645 42
213548915795897 42
113134194982973 42
40402724501100 42
132455729401624 42
86349650375931 42
161465666112923 42
248825968080551 42
244261255649793 42
226373540352470 42
200863797073352 42
94827320918606 42
152672583616143 43
214428552092646 43
178084995615791 43
182927711326439 43
170255927556985 43
167304742103021 43
261977625343764 43
44703545728259 43
138285527581303 43
145620742649346 43
266458791007857 43
55759298140814 43
2309935706905 43
59972164693521 43
65146611977072 43
229579294613372 43
40606185166170 43
53025070511699 43
27142246143416 43
265070119110585 43
98569932442032 43
19325220817240 43
86707064092632 43
29416283796983 43
145285944555199 43
98786000059106 43
97356861503606 43
155830918604163 43
146855774574183 43
13172207859724 43
240901377182733 43
41880577486589 43
44773921233590 43
141267423738532 43
5883633897734 43
216838884401960 43
25070492704286 43
55733096497018 43
242711694048735 43
60037695927014 43
177922114262472 43
244852026743041 43
218055699916573 43
184385537806836 43
212881165933071 43
15268602463312 43
97071982896101 43
140249584758410 43
189093072024249 43
50228786908099 43
18726747633980 43
68809841192507 43
21920377391042 43
193227302935420 43
130969521001327 43
201764243790670 43
67694128899754 43
54287395257694 43
169876598448928 43
86991192494786 43
144540296328083 43
58367454445052 43
34146061841249 43
69196238048008 43
154189558384872 43
225021049420278 43
65103928882397 43
152042591185374 43
250493984997248 43
7787963012513 43
109123712291957 43
259794768940270 43
88809262367132 43
78906138248837 43
280233482104534 43
174334168435110 43
145092615354073 43
25009779452143 43
48262693234909 43
136237891334806 43
51631029099093 43
40111060406653 43
34679230450943 43
40391394844823 43
226709220386012 43
138219215678772 43
181965283397156 43
109913923643596 43
143576202225419 43
122629524250143 43
58422094516233 43
88817253398803 43
276515825217651 43
72644483136015 44
273518684403809 44
281199417542901 44
214890224433646 44
7576512506260 44
169901267480593 29
149205143126222 44
269309497833501 44
206061864152441 44
81760487354446 44
53273912839450 44
61832085813153 44
159611827949085 6
251455782858449 44
204147583328493 44
52057604735910 44
256296511211752 44
43109262828942 44
192942545071120 44
76831609526760 44
127243567974239 44
82610468497443 44
127024396840337 44
214303971465860 44
182345298308198 44
138052662386304 44
235595953241524 44
56251987499198 44
40843439674600 24
205854651238836 44
80015297581764 44
225061318037149 37
175373852561633 44
25233084019700 44
156509659388083 44
89707875047656 44
49627044984346 44
159146847446808 44
144025404676064 44
209476041062961 44
40304894831146 33
191972645211651 44
69881725176862 44
56844006865153 24
7528124514202 44
229410167241515 44
89389333053268 44
131226166394425 44
114994995663205 44
20118907366418 44
153775383376874 44
124444420262494 44
90654359920311 44
144581586430689 44
134893606103481 44
70177724867750 44
129997307704618 44
162432152510587 44
201754370642100 44
195001422823988 44
536677429640 44
77215415326257 44
55965552476495 44
131775680801191 44
157652938684963 44
99043111191211 44
229833308478403 44
74864056514344 44
207988337874835 44
229714055764591 44
193854707761561 44
28787481084197 44
228611540915718 44
248648177732433 44
65811444787186 44
195101970621499 44
110942587168050 56
141602159762384 44
276255650631615 44
163007659683362 44
115711983811484 44
17271934813633 44
128485507798569 44
226814068643289 44
33850642380460 44
232360284450223 44
226349072246675 44
43045387856134 44
128647129699892 44
242167221755297 44
127630274876591 44
107790195090042 44
278252688525162 33
144047640821976 64
127822815077291 64
54467046746317 4
45576211337816 45
97834760677118 45
186950832368748 45
269663132448705 35
16459880160823 45
154455121129438 45
61113444173916 45
20888819497863 27
215653767043583 45
171654495345961 27
48578468256927 45
166584586967801 45
255645872576008 45
48085634367734 45
157412107886490 45
253953797283750 17
273003699154606 45
52408594981873 45
42545089220064 45
267066872559782 45
46118122167044 45
123302621843930 45
73318574756759 27
277317105707866 45
275763410880054 45
86335072899333 45
80203359287347 45
138564609622173 64
58916325351516 17
28593786198001 45
139661156035155 0
272788104614538 45
122442798418998 46
162781286796416 46
152115559070868 46
228644339121081 46
109986643075228 46
43814304784298 46
9487784104093 46
242671355462928 46
203313406981029 46
44864641840348 46
52359779671797 46
143394431463473 46
9324927444726 46
52711994143218 46
239479152402475 46
214173762109349 46
262146445688983 29
116842322919101 46
275185371057276 46
35155516857452 46
43027564092622 46
119379529837341 46
271256963717780 46
225907310354373 46
275280941086531 46
50716041814732 46
19877750145158 46
273890021181716 46
208302251323595 46
130890924940294 46
14686375092133 46
94593870562083 46
240857730992045 46
261997556143613 46
102598057362218 46
149800786415398 46
228216150945023 46
49305432023470 46
192470536505 46
57788339678190 46
267174758645095 46
6273836500354 47
72976249637559 47
6867255352835 47
126956094780108 47
196649840311209 47
85658988012497 47
95610520772673 47
15120938893079 47
25707433305547 47
34287995640901 47
22774753358109 47
193309553595600 18
271274699939583 47
41594229988626 47
56898475340947 47
250217586258443 47
215666929100259 47
8417571365254 47
245218217557060 47
240228608756372 47
14258457375751 47
200367815559044 47
13687053775061 47
17838463055960 47
7599026397162 47
213611446791298 47
157465006492113 47
228565595944747 47
177364568592797 47
213874951683224 47
267393752529936 47
46308931003098 47
219350199922670 47
225218694630515 47
190462067541192 47
245085598081302 47
39510740011433 47
167580998146395 47
219543762963320 47
35737689074916 47
115977606637915 47
224465482822994 47
211321455939653 47
135585179412539 47
171008464494753 47
280657422077534 47
180360971435270 47
272438065002645 47
123411246864002 47
191271091603288 47
55788817906404 47
108247796242286 47
7546369113951 47
148286399901891 47
72419021111183 47
50855763192787 47
228068164473222 47
118356979354800 47
139892544955822 47
118404370275346 47
70447919657111 47
203466082583933 47
205098019492274 47
3949302049966 47
231432846758001 47
175157393834332 47
83887973189456 47
95620910584080 47
203315484916817 47
144969732726731 18
270339808719262 47
22104518925578 47
157807766671566 47
38253715498401 47
60828150802935 47
237033709628542 47
218869339633755 47
219790711409622 47
174909629867812 47
129729961666002 18
63695538904527 47
35982317247668 47
199527753974214 47
27195837947243 47
41117524077598 47
134975465105157 47
97693313481493 47
254678389829134 47
216751017748828 47
14567975047936 18
143429475269451 46
231557116044167 47
11351487458372 47
234898928731122 31
280568937013128 48
115503442216157 48
204495440992061 20
1478886484396 48
130319310393281 48
270862026782123 48
89461297029658 48
67640007143985 14
198175989880623 48
26261886739061 48
39612409037051 48
182851217990389 48
240669292768879 48
184657850874615 48
21047322993769 48
50404876542882 48
39245999414342 48
5201020838931 48
274146830556385 48
192551314110937 48
32048963549916 48
39883149644688 48
214063491692327 20
121966452557275 48
78726616114020 48
254002470952648 48
145544511438191 48
125906663475807 48
247045687945691 48
169752895346392 48
171076986545244 48
145747311352320 48
66689737489764 48
206308528328046 48
139775751603246 48
280291045375724 48
13521813543061 48
169244028704189 48
194455552158904 48
250811294918766 48
107655783856628 31
233244356877207 48
84871083370005 48
198684357602629 48
259505286085183 54
220010895394649 48
56514903615860 48
266211755193081 48
208362468372286 48
257101926737955 48
66496706599325 48
263646881877354 48
132865428357407 48
21954700428607 48
180892037358108 63
152857277172201 48
30900950811978 48
138177910935348 63
145177235197991 48
219793667045133 48
277289949890469 31
11555335765461 48
132836973938277 31
34960233023752 48
142604492405849 48
62396473683675 48
185584421639736 48
47311461096684 48
55428146216330 48
67325897754083 48
145972539734138 48
180723574983822 48
87521088152490 48
229302760283985 48
78852326215603 49
41547644433444 49
182027391037983 49
14232634542625 49
226807902077219 4
252715139219834 49
135931249716020 49
250298679141298 49
219642505986199 49
193995170741282 12
225990226556803 12
259202067697195 49
114820355535137 49
229613742429774 49
111132883007526 49
31834938085236 49
45070504774519 49
277719788189949 49
58765162705486 49
264293082393235 49
22739274977271 49
34372071075417 49
49801783342530 49
124200940698631 49
30379732862778 49
280459977343789 49
180388982899226 49
176717898358201 49
119068797095370 49
123169990895342 46
61187498530322 49
165395893409023 49
95757526368889 49
174742145935021 49
26475195859850 49
189263049220910 49
246415720877231 49
191437740935039 49
80896895583254 49
65528888923926 49
27224795789266 49
138312689077371 49
110404202180432 49
144433354545027 49
48183446338871 49
132549971035845 49
106617546977156 49
215728922046427 49
68979328753143 49
31708831314362 49
175619048555820 49
37860227889277 49
3778146797177 49
210584955491172 49
57080785620305 49
89015226780259 49
250666045680585 49
94274439305322 49
248599424544518 49
188105666158727 49
135968552346361 49
183021069261403 49
170246879922761 49
235424268812670 49
41990650746915 49
106439285181075 49
82725929542736 49
156255972995202 49
86868060193933 49
21773033864412 49
104500812313971 49
53195983304438 49
160522892676464 49
258302484392176 49
27082953346213 46
194497667304820 50
158238768535617 50
27164974019201 50
266943591604005 50
80336838771357 50
19867976884551 50
8316927107836 50
141118892230331 50
34223096162613 50
87652810748543 50
14909328172478 50
184279816398984 50
214239395197852 50
112530866595955 50
26899209821133 50
63687321916240 50
160996237261927 50
37742776918120 50
177097657442294 50
224870344818832 50
281151684797310 50
127913058205342 35
274237682901485 50
25447745646214 50
112955440248702 50
93893165870967 50
197958127662118 50
212213182949013 50
257460468465843 50
113554000601497 50
223095840541821 50
172637357372341 50
74916025698102 50
105751087953482 50
16804590980528 50
89704412827480 50
166114924542826 50
163148701917350 50
214525403155323 50
112766142353787 50
128493870902816 50
80473470377934 50
97740674902863 50
137776472020740 50
271422216447852 50
111548328875326 50
122269691252231 50
119493843587061 50
20395667865571 50
170078828506539 50
193102736653703 50
142933580200209 50
143642178914603 21
37668045392674 50
120702303687267 50
148194965626667 50
74574932766388 50
255711268764672 50
36030768234511 50
64112873885064 50
10344047838369 50
3214871633018 50
148008651749103 50
139950408486127 50
59944052727389 50
70999710604613 50
209077563331941 50
114520870165704 50
134283098686089 50
100539943804680 50
203542380736019 50
116976179824944 50
107200196262985 50
16187147490146 50
180689666488205 50
41119181716052 50
124094225574608 50
42712265161811 50
59215429695256 50
128329891353062 50
31788486789447 50
31011514587704 50
76149921398221 50
219417607620921 50
253488124256414 50
231207817096342 51
40577537778960 51
196243088319926 51
6164435568736 51
183332613553160 51
172260135001071 51
155116701444861 23
179821143764215 51
102797027936354 51
237639367395943 51
89124121367245 51
176440206050336 51
33290329654145 51
98284448978735 23
183334586379996 51
17194328281760 51
69367708656195 51
240343754418483 51
213155636952613 51
55270231483599 51
37696980266886 51
193114714157202 51
177877717504585 51
156030427678858 51
213796349435108 51
79992174929537 51
69988478425284 51
38463676653948 51
86194710363601 51
127201167606998 23
25376162688362 51
94254514295290 51
268669977959329 51
217521551580644 51
47737116318788 51
255094055255522 51
211029475652210 51
177932980165172 51
102792026591558 51
96284262305307 51
275407904482021 51
236714548024950 51
250538547383658 51
264110390124797 51
86676321386813 51
104328829759000 51
147147919405745 51
190288655231568 51
31935093624044 52
145778143218428 52
54227786704311 52
79501371766660 52
88358215013984 52
213544455179770 52
268199919609543 52
176776909580314 52
122064596228562 52
72742703261488 52
280228375857929 52
20647356467776 52
56528955594415 52
114685609503813 52
122262890975708 52
20919481424211 52
64480501684649 52
99147993162124 52
108175049100446 52
43923550988059 52
32431844691201 52
224759795087636 52
152135067025421 52
253451420619377 52
6678907770196 52
217292056437144 52
151119147755722 52
154342254210386 52
56409995114331 52
95391191813879 52
61283589847717 52
114794518757 52
220834020156856 52
35887726054345 52
187218792403568 52
99278879510607 52
40855878929263 52
245193833166573 52
203266538664235 52
31347701356179 52
56600763970795 52
117248346141662 53
228623850118273 53
193950752758353 53
125333235832365 53
168115329566969 53
259418662754494 53
222562781499024 53
157202980265956 53
51035176006594 53
232933439799903 53
259572079130831 53
762813529160 53
58927355571827 53
9814142766992 53
230096350629803 53
194728190284497 53
65911467449737 53
94218524029352 51
26429750250509 53
67803942876438 53
85423561875135 53
219900415488024 53
166944312846459 53
248298374694605 53
229289504885359 53
263909889160955 53
20087200866040 53
199042230070119 53
240130115118620 53
50361766758977 53
204202173466125 53
115823191970509 53
126436040280262 53
219648700802594 53
134624630590434 53
112300569374292 53
168547604421631 53
196590202484891 53
50572818123350 53
54529837658242 53
27480364651744 53
113477778026772 53
236338584869875 53
273739754950984 53
182092095578730 53
203901146682421 53
193985249803638 53
216532032066086 53
133656165194093 53
280502736462787 53
60571553368792 54
117458588347324 54
224020717677239 54
49007513116881 54
206153863053516 54
69657260339209 54
276993431280794 54
138112680540519 54
34924309038088 35
188589981166406 54
140148967633317 54
218186663573005 54
21557486848727 35
239714169011103 54
158941504278641 54
78077037831778 54
161427148079014 54
125879816551068 54
202770261927845 54
215163863227040 54
130481190063121 54
244005745639002 54
24606152794096 54
73256842198612 54
19225320083788 54
125520891638859 54
48956926748138 54
52112150511279 54
215380440833303 54
153193119843763 54
48710686000167 54
111028381079212 54
210141388277117 54
105144391219056 54
125700406233172 54
66373680263948 54
261493767126228 54
135022789335043 54
4119014956149 54
95712856120832 54
262560094336834 54
281451057921867 54
280027453002234 54
71540723803133 54
182975083820350 54
184768966592706 54
57656051883565 54
205689977361581 54
194597989909557 54
222964206777808 54
219424394241642 54
120651754750470 54
259853592319859 54
6658385249141 54
146666742205641 54
232902279528398 54
272204122594392 54
236254230513963 54
101162489507986 54
226491865774058 55
170500404160943 55
195610531593011 55
81175278425856 55
202031373924642 55
7660041810321 55
127397781435912 55
202451334725783 55
271634414262614 55
53129969062184 55
182539426048270 55
20802250519759 55
259161487415834 55
121575828078615 55
150407025174468 55
69722078288728 55
201675386597562 55
72119273309052 55
148823422125319 55
263466804660455 55
104257562936702 55
171962409537421 55
73879609597685 55
258562847163705 55
266845791722442 55
194035762071331 55
175010921574471 55
98847322086564 55
281468408629269 55
88060850499217 55
228828932022826 55
115690051328016 55
168787362458725 55
194929369579014 55
131726160932375 55
273514416382973 55
147279285642948 55
253423019897173 55
196866507775377 55
228519895201443 55
176145172118146 55
272602497755807 55
247980058126134 55
101859588041407 55
280914007514820 55
157802880166445 55
80617137110493 55
204558672063193 55
63755631953825 55
79892425125245 55
177311294903557 55
44914954946526 55
277013204794555 55
140303249741041 55
166542682811597 55
14690003025641 55
170142289890945 55
251134981941250 55
17370502658848 54
49894937575666 55
241306961248844 55
267076998263553 55
41620209313837 55
36369829479665 55
188387947639292 55
152002271091492 55
61889702922495 55
429136316939 55
244930237237137 55
32946767108383 55
72026507681306 55
111859770230709 55
145072439086590 55
3800832896860 55
197424896978313 55
228756878784973 55
242686601660840 55
145061859227325 55
112039716444635 55
33578932548251 55
279948917407035 55
62828533576547 55
182987104184287 55
210591106285335 55
83497465203817 55
175119687543487 55
58368687606668 55
41357559066160 55
195468590962832 55
185236717987710 55
29786659507786 55
22018978965926 55
157276782885240 55
5729555273695 56
62150222085344 56
233500140549016 56
255169828251425 56
45515931202909 56
79020807928709 28
118974059305374 56
179286329785838 56
37190184757674 56
17636996744956 56
67746260988479 56
10821140695648 56
197476602535870 56
74223568089318 56
214285558787850 56
21618691936380 56
168690939890709 56
225760944544820 56
86386137265769 56
132501932248437 56
159420289543596 56
22105281309884 56
87013900932898 56
178220308208608 56
269955196813589 56
92593135682119 56
27324572596940 56
113078814413423 56
218301033300787 56
4287011725969 56
260482123736169 56
201257859586584 56
138946715258201 56
161665385219921 56
214914692726221 56
262020520732873 56
250815580542141 56
40896904501407 56
118689767935778 56
219849072641163 56
3548927254451 56
260568225564703 56
60804853148674 56
269175371719136 56
84348056963944 56
110618339247116 56
8894106027245 56
187692523900614 56
124130537048525 56
239656702384039 56
56207587484669 56
257931280817874 56
189838180785080 56
104044632095572 56
260638360009975 56
91015615934950 56
250210602933273 56
126433341692997 56
18562767050060 56
54191788183715 56
150132157767523 28
131450891050363 56
264430254556517 56
165447392577678 56
28228089320250 56
165130002205225 56
117479097560044 56
105847796081722 56
70268177060362 28
250124436499746 56
167208601515003 57
121968049403394 57
56532797170181 57
33114901893416 57
127530273042346 57
30833537954570 57
135357282420833 57
46121496696114 57
205080881193560 57
117874505704476 57
149116480223460 57
87116210368990 57
53478693231461 57
276615242581200 57
73342558204107 57
240899028171304 57
248498432354635 57
175941754365883 57
209845351305518 57
245778284728087 57
51140125378581 57
193949352647387 57
44939163023309 57
98327501523673 57
103490997282298 57
63989679508165 57
70604555558762 57
120697017581101 57
31860565846714 57
262879594020198 57
156846562075825 57
191955529587001 57
29087215058471 57
5565273691355 57
277565217171586 57
125203240116815 57
271126809437771 57
280011922404417 57
85890629643636 57
150528183828330 57
259564845183875 57
273655465485002 57
245860128757964 57
76760624687332 57
31151049232786 23
85328423770083 57
144436677330567 57
16607078792936 57
186388448931741 57
164332616723879 57
277044487779207 57
4357440436229 57
85645446258210 57
177029492238855 57
216676400976922 57
51669608576928 45
135584138739917 57
154727544776977 57
258291865545358 57
242989898825769 57
160929367354460 57
141292706402713 57
229224119653424 57
269142989553840 57
235545530990146 47
221132552164500 57
186318696888063 57
25484016483477 57
205150687401657 57
192893984193304 58
122392233033159 58
23385854728877 58
185999853429861 58
88703698908424 58
173011225153954 58
146462678211593 58
175624107482924 58
40330176371216 58
96582980098424 58
161171945932590 58
250897628206505 58
73689967272641 58
235266654058862 58
46313556357218 58
66549052383699 58
187412894677268 58
242539891724449 58
217109023581096 58
134661396139097 58
265352815379487 58
177659850461872 58
130678199230393 58
212361181742101 58
44022416854682 58
226099994249739 58
52398973064177 58
130171454860829 52
174449020188389 58
197909839982559 58
206569463624407 58
255157960436051 58
30558530534452 58
82002777365100 58
73670973383199 58
150151588947616 59
272633192874506 2
158230464219038 59
270598128838704 2
61995620640894 59
13260013030869 2
168398292960396 59
58439576696551 59
200431932345012 59
84434231950694 59
194553410949309 59
118191459393108 59
133861397188954 59
89875037597119 59
22749784720299 59
44937998302885 59
195315390011115 59
27933394332629 59
94481258057167 59
20724569104784 59
77143692791455 59
256331686177635 59
186136171692696 59
40245504332888 59
201832470839252 2
230586424608462 59
128984770105049 2
91631174968088 59
155570608133924 59
66303080310695 59
6175481828475 59
239965939831545 59
139981506128481 21
215915150643903 2
236395287798292 2
224340566132405 59
186886712961521 2
79078703933404 60
61013717400586 60
56136949376426 60
223715613817688 4
161192519300467 60
7595341572939 6
15735897882977 60
196330584586194 60
268235953612188 60
17149728048953 28
47638626683820 60
222294718982177 60
23181392461846 60
58468605204404 60
22537582760522 4
8928735668389 60
39512725082886 60
55772869408854 60
272551016859016 60
190936196542952 60
151478317355430 60
67151914439947 6
114434865870633 60
136790565955012 60
22203057634901 60
258847281412347 60
23928674414416 60
147785179671537 60
164300434067258 60
268320012963528 6
141559231061277 5
251791996951208 60
144821954778760 60
165483605325992 60
11786899933130 60
110045203916966 60
114272004819297 4
31937451806356 60
134634403824344 28
225644293904026 60
71660439888486 60
278405618425394 60
122146335424067 60
272989827401308 60
101535101109529 60
277699956803899 9
75656193502857 60
267977028081627 60
165553843302834 60
257425760446810 60
125043937068663 60
79015296748039 6
249610356931990 60
216780368832035 60
23711568371910 61
9457153461616 61
252864575938549 61
7071768939924 61
98768978326278 61
73768463046725 61
264036648423510 61
144736390943719 61
75936565554011 61
81539401769113 61
252454278982127 61
42048818363763 61
13707063009123 61
79519275559104 61
261207560365012 61
247113244362684 61
202555130669708 61
260352339474430 61
116936660810919 61
16713674598600 61
127256773315542 61
22520639318721 61
249283320196653 61
219845018889393 61
31451628242862 61
55211336671347 61
53397077694581 61
134661446303862 61
209379015743769 61
150481886189788 61
251409489084152 61
211777665833515 61
147397998827404 61
88837953915546 61
116781854069701 61
195644204211268 62
115115067554978 62
124984853906519 62
244808381479931 62
266640971677638 62
91108044221820 62
81043660216592 62
70941687198450 62
268225271842525 62
54091143260678 62
262298003031879 62
51100701992712 62
178358039728276 0
162421304469558 62
69632575845983 62
76138265288416 62
216492832431452 62
65436448264086 62
254779792575573 62
109574232226128 40
12289376987764 62
69660112925656 62
24024914767323 62
189494747107665 62
91720183832207 62
167461821399880 62
67713453966173 62
145421825342119 62
132066685112974 62
167421125310124 62
78480568930101 62
71256554183063 62
219221699689926 62
267456444814943 62
214128437029383 62
119371176723368 62
89642210636431 62
274883594192096 62
56170913901409 62
184001491651010 62
138770794906743 62
237681943288601 62
79374291024222 62
195477803309049 62
260578219818838 62
179919035226698 62
104112211262321 62
169398229553853 62
232384872902351 62
223097571011907 62
224093939298596 62
82754721559482 62
213122840163802 62
272780349518759 62
168438736796269 62
30872738305304 62
149490623746940 62
190211224585819 62
31311730104749 62
105883435511112 62
201877213717694 62
101967847193385 62
59273463226763 63
51589919180217 63
31192814076204 63
273451950900705 63
246989276941760 63
192181703718548 63
75821333108726 63
192374343083534 63
202451098183646 63
149306730463643 63
97613928916307 63
215568394804334 63
208365612645869 63
265420351880861 63
221723302733265 63
153632959585282 63
83845453178539 63
73886820187697 63
229865318838062 63
200358139761388 63
236509175019543 63
260369935182324 63
219387405494878 63
46310781342447 63
194688518119504 63
111652398314764 63
100268417965192 63
257548025453488 63
183317687911928 63
186573593825688 63
256676797740855 63
10835662915961 63
46170463789424 63
178557813947925 63
249818051089217 63
188263445512031 63
22666686753029 63
80939783740862 63
49193232029203 63
14962130952370 63
117822182875151 63
265543990120230 63
46184111579550 63
138631419545560 63
18994263439895 63
62653858780386 63
5733937932796 63
120992725963678 63
129752884459610 63
123655912252156 63
164814865641011 63
250929117337197 63
265362015491743 63
108469551120998 64
195078728767754 23
199250819018761 64
269103135637863 45
46015821772470 64
83100710313587 64
140627969107395 64
22384129799176 64
101564424038134 64
49199011576246 64
257713500120795 64
164598136267693 64
157223620650622 64
50517554014134 2
240578162350711 64
127603399311234 64
251090582213166 45
73006571178969 64
115356526133240 27
238160584057964 64
150775969123246 64
157910963953030 64
131108023975831 64
124230094907566 64
122558267469461 64
33579570600542 64
20435272071632 27
99558312888215 27
101501238467122 64
21235122188385 64
240342544940496 64
180599026188752 64
49509218253044 27
182306278789353 64
220904736911885 27
49750798796540 64
250556384647415 64
28330278682537 64
91814536581452 64
253812155307012 64
210061882726099 64
60862738864069 64
266494068643003 64
215151121208607 64
164032153063438 64
277270188819452 14
192779876290880 64
205152762946869 64
129931724998025 64
139945603355739 64
190984907947689 0
78887468886971 0
62523573656214 0
87451023822834 0
73830445353848 0
217943415118804 0
245314608474592 1
163717652612021 1
90235508984083 1
15870938372476 1
37448671086598 1
187019479774709 1
44074334016831 2
261693805529787 2
210589429672943 2
270269628717870 2
236068993009836 2
67748892591641 21
145007901376882 3
232524887121873 3
111855861279511 3
171490953475408 3
13717665968920 3
234891843073280 3
176479493952558 38
106102566387578 9
60722245930530 4
106705073837529 28
39659110017949 28
261551763388186 14
39716217666806 5
44833123112374 5
237427958446472 54
140498508991472 6
118509738078908 5
48154597904401 46
205208282064328 6
186636924658975 6
70267245031527 6
192832232713956 6
227832127786032 6
148350037593419 5
271112669406131 35
206957894999556 7
22769629106304 7
73009112688122 7
96590243553855 7
137885749285685 7
44080929098220 8
216374637850343 8
49432316244817 8
94115083178639 8
59452113642285 8
74069907182045 8
16754451156410 9
201966337904443 9
276157892227160 9
218082566180164 9
195368469721091 4
24981539999866 9
91224054783954 10
19723643830725 10
161701946074690 10
3498665014223 10
164827172128848 10
207804075829576 10
41143246338932 31
85073384691341 11
267151288788409 11
159033225981132 11
15549687770105 31
253899893041154 31
181769472323964 12
59693738985597 12
161094113367674 12
238500845735254 12
123362875897875 12
202631338875295 12
145302572419430 13
117550037719355 13
178166530740729 13
45360238580507 13
105497891691467 13
14616592499926 13
264171438357994 27
184069170188033 14
21713623901763 14
42937354509780 14
99968560224495 14
31640060373051 14
93394773793110 15
208131548642312 15
150231918723967 15
82318587516160 15
251993815884617 15
210143770043885 15
252216627558836 16
11751234207327 16
151366142243509 16
197642344262767 16
220115654240292 16
81268767990984 16
181510453216835 17
149679427240077 17
110299877216206 17
222911838895096 17
119738674437628 17
226802471071816 17
98525881365264 18
277380020081335 18
57098663685571 18
46882746146442 18
39314406951473 18
255292834433832 18
183222006573145 19
196775782509501 19
63540471161159 19
116224240503471 19
149575798125749 19
186841286080553 19
276095009430475 20
199519095122156 20
208898804585945 20
88815462101779 20
164981107008319 20
262598920829580 20
179615098758743 21
138239628200237 21
186125622710596 21
27278176266860 21
195928611884039 21
224794301926853 21
151363592676745 22
74522815629356 22
228746066600068 22
178031390022880 22
157382807145492 22
30896116552293 22
2939011994453 23
44038124228439 23
272447011409474 23
144514337175372 23
194937308098965 23
128242808774131 23
113041860147683 24
143169473231824 24
71839188917289 24
117366812720218 24
32841629856195 24
195280097256100 24
103914936461383 25
234515538717227 25
269490473824978 25
239694214596378 25
20404257129221 25
45110183212265 25
78974433843439 26
150346161659675 26
119081387744800 26
13183048037630 26
237413295401764 26
174349805812393 26
137020834069412 27
28255234652858 27
193119316350929 27
212293703193748 27
134645835413445 27
259604597568327 27
126234237910957 28
187036874131731 28
54998228988808 28
201092018175950 28
129439538792383 56
52172657099658 56
269072947485925 29
269028841195746 29
9082453991052 29
164432003881327 29
10144557457238 29
49983134333439 29
124581990013180 30
167272510712879 30
7743679134421 30
109891371649733 30
46158580185275 30
124960557659572 30
177294964160724 27
102654768984933 31
74156188940663 31
267487406434010 31
122258028699252 31
16540654812719 27
73840243959724 32
249354649327824 32
130790802110199 32
65495350448983 32
112630643011229 32
51345941805965 32
159009722125874 33
121116334020865 33
33688768291364 33
234601290909647 33
195143271399315 33
213946638653197 33
103880709070012 34
109707927550740 34
267582590412659 20
7067252885522 34
265611779873823 34
164482452905052 34
268411204011525 35
126928907772481 35
4617133934655 35
109296515315815 35
200618269503433 35
16002001950759 35
60213913133545 14
185713975794262 36
94216844812522 36
1998228951628 36
165974433126966 36
134200043901831 36
237914334363819 37
247822762212233 37
85415169134888 37
252729073192077 37
50226807015824 37
133990302479210 37
249221174024336 38
14317284323975 38
22964398509719 38
159019023898609 38
118684848694135 38
71200551740285 38
189428867980401 39
106226759323001 39
75581198754411 39
43014002445152 39
30064435663272 39
95663686879086 39
101627821281772 10
173692679206877 40
231189470358333 40
194524886021843 10
247247159700014 40
58146260408918 40
216424825880187 41
43993891115006 41
258666389016025 41
26158586834141 41
100018428197885 41
225065823090207 41
130716938580095 42
11596139147663 42
11748437665347 42
61799468390536 42
116203020425309 42
134517827068258 42
140130714437748 43
138254060371896 43
226657199360639 43
167531587761728 43
82937043308421 43
135899656161138 43
234172199400957 44
174796658476986 44
265371695050192 44
94008769235214 44
269324904504009 44
214488414685182 44
102235174042348 27
117698639064625 45
1632119898637 17
34785948380489 45
106728298133919 45
206332356769216 45
257139404684164 46
240605321383203 46
12512876467024 46
181773574560453 46
207410226959535 46
82109487793836 46
47092494008858 47
15670521636374 47
191745363847528 47
121950135688114 47
73563487245893 47
87296239594278 47
54542200195763 48
280247015608288 48
85837657477322 48
160883554168187 48
279638002187651 48
233235544434718 48
80849655396295 49
142922403784999 49
89905299938580 49
34234193400686 49
126063530982457 49
25283858016891 49
106995218551203 50
267827559220572 50
124732349601207 50
241756546135595 50
112422270554894 45
21324180497973 50
136185038925942 51
142802442085781 51
44892634025643 51
198367650749915 62
51393751757377 51
91678358418169 51
115011181907529 52
197131192933286 52
55444701497557 52
228948063170233 52
13909320843559 52
182936280802370 52
257319052785698 53
69891211409288 53
34186599124229 53
280336699112493 53
92392825570193 53
131233265910648 53
22008234191163 54
272250916652465 54
257881564783063 54
81899456365091 54
75021612406373 54
63700666716027 54
274137327665336 55
76636559525335 55
80528003609809 55
33445673876562 55
271305456138971 55
75898447770087 55
133143850809776 56
277909703036416 56
91070346776821 56
251046262327740 56
259671160073373 56
271960406288886 56
59980778106549 57
280787231671644 57
89139139785389 57
190177617189307 57
117316902528271 57
94571128082872 57
175824105764957 58
93742610720876 58
87758182264677 52
177468103781112 58
115637897719218 6
173098076024105 58
8263739035703 2
179766594454856 59
84526846654670 59
165915845970685 59
93157559042319 59
178291116366967 59
109061990495606 60
2942127050628 60
8103076904872 60
184895821298620 60
34059112762013 60
107246317145922 60
54278807602861 61
162189235316581 61
109599669839274 61
217310339350851 61
100449719292494 61
65746629718453 61
181712490198779 62
236276540313791 62
154862241308908 62
101689614358467 62
13165253562777 62
177509735025574 62
253680532663337 63
38629639350332 63
253582978487557 63
25047924367643 63
228111964087248 63
163362845567138 63
146504503069844 64
223764301579047 64
68648272191126 27
90855325711055 64
152936532743059 27
246883947672074 64
