32349110978317 0
82436852117745 0
3932567775964 0
185925695923678 41
114586953590095 61
161744719605340 54
8838124286518 7
15028699412643 7
2741810730120 0
146898340682482 7
185407569964338 1
200812940751568 1
60773004271353 1
87312164265640 1
130871651015543 1
34223946161276 1
130196521585533 1
187139464808208 1
27853621877842 1
201757204413910 1
180227373466645 1
270947071319310 1
18201696938541 1
198656707540623 1
209316516971795 1
123675732293786 2
175021950411362 2
224138838111636 2
189707298687842 35
55433903694698 2
164807691406024 2
142490574035924 2
109655534265397 2
268607283604373 2
96589546955078 2
198245848382609 2
199459181901674 2
45565319609164 2
272100835021710 2
137976448554612 2
120152843707861 2
21253131043167 7
235981721327440 2
88136791571646 2
157537217089279 2
155039167014920 35
280218630718444 2
10112736672948 2
125059471047259 2
140260532313133 2
134276058803007 2
24172702452389 7
258736859980428 20
98823230344588 2
13198407593021 2
146748232597525 2
104234650220087 7
175659815127973 2
40935916328978 2
68261656032813 7
156056073894330 2
58746826155814 2
100047930603623 2
23455942404793 2
21724949770514 2
279453234652123 2
129919307626280 2
6309733870090 2
229651268341004 2
201752104700157 2
84270994416924 46
174522466366879 2
63518048426123 2
139327483478168 2
105667633371276 2
58015308658800 2
217509925977207 2
172183189970065 25
145024731169156 7
235309892191508 2
117446727201912 2
210478009293719 2
44595696638191 2
152307207430953 2
38883788897389 2
77715464712553 2
138243447514167 2
259077923766658 2
184125235517271 2
216238997538632 2
173273200481965 2
115857473747694 2
9104976784477 2
254286664482774 2
14860128557438 2
102781993693573 2
224832731319982 2
258140063943719 2
187614494467138 2
73320982415982 2
239789428819443 2
144128334586742 2
164574480905665 2
44291904093618 2
178427071930369 2
104533052073261 2
212187060698274 7
223455566792100 59
228839228096344 2
256974092851620 2
62273054661235 2
221695571205031 2
114491666187885 2
140742078938846 2
224756860306977 59
43259876948767 2
193851061974754 2
158713860534130 2
98493587077180 3
85013897714468 3
64582143882703 3
66147374615467 3
52713220884687 3
111868346920825 3
125940197610865 20
150937209573354 3
3034602049106 3
167532667125551 3
239997332424723 3
224136103518771 3
116509268591172 3
166876041045549 3
48748084886756 3
197348608031575 3
173754234265767 27
202915680473556 3
147969811165708 3
226125761778710 3
269005582898415 3
80316311192149 3
43450820794380 3
252543529145956 3
128580551592974 3
233437913207991 3
188344237942666 3
175867988667325 3
58589040426793 3
245075749386253 3
249033028491320 3
82658480056935 3
57930870806073 3
60587932912695 3
142278517624180 4
63736072420747 4
68863991155427 12
256434801762059 4
228312256593445 36
70561615042837 3
249436695315548 28
132892865016785 4
265355716459993 54
109611181757374 4
72744770348048 6
114698853718611 4
280236540667748 12
183795624088361 28
253507943755205 4
180507718746445 4
202586350822800 4
28265746045437 4
215008173924273 4
210399785514363 12
50644066772099 4
163428458978842 4
39219910840372 7
105741720036476 9
93146037233439 23
190713602990475 28
13552703750570 22
20245838660345 4
85201714439360 54
132817939236510 4
57355759167010 4
242139908260696 54
200315439909246 4
9241087281953 7
137355440286104 56
189101550050117 4
12093974924978 49
65412619217904 37
165001174407660 5
69099992518651 5
230986153759535 5
48876920742887 56
35016903920759 5
276588055643605 56
43592750607594 5
39341394179122 5
223455501392450 5
76271081078618 5
212791104325862 23
73128602597950 5
32650451553029 5
278052032335258 5
19715205211290 7
163012941349008 5
164605274329968 6
166316277128075 6
9774989526604 6
135853696552563 60
52437857849093 6
85369584099149 6
104294106049340 6
239100014887799 6
258878739725274 6
245951619544272 7
160100290623342 6
141732277181064 6
75066083430802 6
168262019331523 6
149259782565948 54
25484322882863 6
167065956719838 54
71643001906124 6
30174573228510 6
90189500975558 7
12652664651025 47
181478561974329 60
197141358512744 31
259159915963137 6
239565367715743 6
137725324962360 31
60092492072059 6
232629989954812 6
243090265618012 6
22547240384663 6
3474656015019 6
95786662581246 7
108988806565389 6
42462754473651 6
93348234820117 6
263378214150173 6
150086034114628 29
221880466264640 17
69550495762896 29
110477870339508 7
64458440453452 7
243642368606619 7
127030950221581 7
204808425535655 7
105384451937187 7
78585385087945 50
13027469961364 7
221732445209688 7
275159916459709 7
270251360554991 35
24726022437907 8
122601046296330 54
229055109702138 8
275233770791684 8
103063585758736 8
56603274054401 8
193996853785114 8
47756465263856 8
91713907971253 8
241412119865916 8
242440975555899 8
54423567962688 8
274374276208014 8
98429072166351 8
123813494304940 8
273755342962016 8
132117129872522 8
40680183113441 8
183058803364371 8
252006373213086 8
116985824624242 8
147321979695505 8
166561611843482 8
1259351569749 8
75019213839155 8
137470332997418 8
63731538485771 8
231591557206094 8
82266921480796 8
120900155169333 8
260618237509014 8
105395468436437 8
121673709198349 35
18592404133681 8
128946711753699 8
217555590458182 35
128764807387635 12
257632063419101 9
10843367961698 21
21901833548007 12
44389756925966 4
123162194181871 12
5385634169300 4
256727544725867 4
32915689254078 4
127640174477659 15
3296560972795 4
35418079380287 4
180507510233965 21
146239265063740 33
246834486532620 12
48490526669159 7
227011113406182 31
184854864117746 12
64204404347666 9
32306242913699 4
11761389868522 12
96740932730577 7
261401406663219 9
89240961524795 4
271176225273885 4
274037070966720 4
34934549574559 9
94731559879283 9
228158777835050 4
29682175049108 4
13875572546683 4
48864255340581 4
248238328404077 12
113860230958477 9
28310675702924 7
129043484236655 4
4421281574399 9
89615904256626 7
28371168667551 7
73077976254778 4
153505055318752 21
86454517600943 9
212586943702809 9
76184783159278 32
5801256910787 10
228284545551581 10
79422822640448 10
172953853921124 10
8127972884685 10
86357424252394 10
251684217895688 10
64310519850381 10
241718261573838 10
220945214963681 10
86571976250594 10
181023689618475 29
175398119373245 10
263880597997322 10
8210304997838 10
87281635617217 10
23923253490781 10
50263888233756 10
106026060180120 10
56796835163737 10
263656347207240 10
99689837567466 10
274445258837530 10
91842256030727 10
6642494704751 10
106083560046904 10
89739394201479 10
149074859164767 10
6342038161269 21
12294344674620 10
248092706390594 10
228414084541475 10
238211592509551 10
219706077880234 10
150859644949525 10
23478064675170 10
95929031441348 10
245326932917755 10
107772071827677 10
53525553797562 10
202051144513994 11
105898744864151 54
198184045864432 11
241066511870334 11
134757809007082 11
278645552001317 11
130000533136490 11
109810931444298 11
100493195208561 11
37142656882308 11
109978530816749 11
46443106050799 56
99215183292988 11
236386204726032 7
67452294826765 12
56028444236330 12
231550666668812 12
273289481303150 12
132060237496818 12
47191893200367 35
163947581357553 12
139038929474531 45
233551209372845 18
183811950512241 12
236696568943137 12
28193751978117 12
280867345540382 13
268684831294418 13
139629557754378 28
28465204573033 13
116503239013742 13
52651654501790 13
78096017996199 13
132563110885709 13
31524257336499 13
268114327517686 13
70802321578720 13
115438137423903 13
240402787495325 13
107333154336170 13
252385153675887 13
268435187933033 13
86924986688149 46
270522720368123 13
51456879920704 13
273809147804875 13
139969435757159 13
120049990808919 13
19923965193461 13
64537900726728 13
26553418313997 13
266286774315521 13
170728218180851 13
193375118240223 13
275700023489748 13
16141213154388 13
27740410851251 13
86947240772142 13
151484831001361 13
227978837483034 13
165307665755826 13
9226601232982 13
79383524936012 13
260217652658481 13
26197450220096 13
255806087849112 13
120737147137272 14
41364700652089 64
212110806032856 14
68604602222371 14
130986878154097 14
20002136567123 64
25467353068454 14
100754314718633 14
215524429024497 14
177158074640757 14
224181906253505 7
154455855469660 14
255868511453988 14
52143939428823 14
246988699587970 54
8262342225634 14
203968333869327 14
3667604291698 14
189585631618515 14
199587421317213 14
78999636861937 15
48480338261470 15
89248523803598 15
17707158863026 15
140258567632721 15
9785881776276 15
84624719868499 15
254389443953491 15
111385743441166 15
142034549843507 15
75209660258983 57
277409532339826 15
169275612939156 15
193668518394354 15
92842299033711 15
22734446931631 15
178365193580810 15
11058607351828 15
95178647568980 60
128771404110498 15
97645557556321 15
136272303670174 15
106214035561108 15
262678231127831 15
267575793329375 15
144386228288561 15
240130753451549 15
192109027442381 15
186538017991341 15
83233068219272 15
16789185176814 15
208434497098178 15
149705598798691 15
76730240175841 15
152113798504251 16
19919150911684 62
865535645780 1
58153078392492 16
147655067819764 16
209349959833237 16
129919834440270 16
147723707512857 16
48859659593843 52
24320036254401 16
977502438291 61
25845162049800 16
62811226393436 16
234734388397047 7
250716573849842 16
88240592117110 61
279946299444542 16
163822212615329 16
224475723284594 16
88531470092405 16
213187887700366 45
88966100906600 16
88043033106481 16
156716832523854 16
97125164959666 16
222701418197985 16
201484778290856 16
45569292500496 16
33661073163157 7
21365580691318 16
21509562072821 61
16650559990750 7
240115792584328 16
52481848020446 16
168037567728332 17
119770467261208 17
65052582305244 21
33809808654909 17
37078092874097 17
114948497554962 17
90993472373629 17
19450189234929 17
44315434569488 17
198027561599117 17
231300157626459 17
119168316201289 17
209518405573760 17
116227945912173 17
194077336544658 17
122338805262388 17
226887317418177 17
15342538734267 17
236865579968853 17
70495154999259 17
205942134268306 17
70305108502339 17
100691811006001 7
46675342834734 17
273563266326722 17
51159480547911 17
216510278309328 7
151380842939302 17
229992594847604 17
31850055786568 17
185554578841912 17
36015185055302 17
258259601138639 17
172279848317300 17
174917712058347 17
60057371593820 17
255154405314333 17
275349430145236 18
14510634750145 18
110544020470750 18
59118749443785 18
9170073050763 18
129491324004959 18
24340150115194 18
248690000309910 18
12257238093853 47
276860463806798 18
32805718073790 56
149979683866921 18
138636910210806 18
256218950186698 18
64979370348124 18
230864881146414 18
12226798543740 18
1989904131317 18
122777972271956 18
75659174483071 18
2122737091668 18
89082225188980 18
205886235759672 18
250885680716491 18
183851401992776 18
210793621126246 18
264210069503286 57
52188290230177 18
199965579651813 18
47716997579144 56
29930141417578 47
47119509103681 18
56709153121805 18
56623830975230 18
166420962997551 19
241120116991189 19
162214413084723 19
137771101713740 19
18794159401188 19
240657612808591 19
70433305679706 19
192476869602460 19
156509618421906 19
278857619404704 19
81311991381690 19
134971051872526 19
256933757412659 19
8315446627201 19
146127489550185 19
183415958607823 19
187761375612018 19
140202076755032 19
160128270335745 19
56894318083045 19
186412076448347 19
267481372600025 19
134525997276789 19
117080454342522 19
12166324792751 19
261495129678175 19
190099284230692 19
181464583059272 19
202603563593462 19
44167672302308 19
249589896301172 19
132232040353954 19
18640177670732 19
68028877068251 19
48137992320466 19
210713889374397 19
42617276498004 19
246111616376826 19
263396856524074 19
119105156816143 19
33280672722428 19
276782350523024 19
92650694970865 19
255454959659970 19
225975154392341 19
245064531036675 19
144859400488712 19
32637986984911 19
47713057973789 19
78655181637848 19
243262171988560 19
64398975142640 19
279199780307452 19
169888057870864 19
73828996388146 19
23093231198696 19
251670694714166 19
156844396638956 19
67174729593379 33
153299823816238 19
180669423457666 19
193808329132025 19
3445918968111 19
117000193552150 19
59447083723250 19
170059537530430 23
180518231617009 19
26111060699894 19
227165654431920 19
226015085540301 20
33911952790549 20
66637452728766 20
192921387053985 20
85559879260666 35
271471926068489 35
137721364179039 20
195521339578285 44
155368346579192 20
197249136424716 20
224149799860369 20
274916298485034 20
8764469967884 20
95143201155615 21
74198004828039 21
179335257177749 21
104597887972898 21
165937491410108 59
266550094897486 21
21605701580410 21
76809647225335 21
22614506850010 21
218971702076357 21
133672715066361 21
216956036794850 21
60465006770300 21
123669512626047 21
237449318566290 21
190494301633554 21
211179191960540 21
280530430306946 21
178061790815707 21
142348618587146 21
16710474783593 21
179869875458179 21
73439279473599 21
229102778077071 21
13375795789581 21
187723599509543 21
39902184722725 21
207130377994111 21
104534365778422 21
264064646334584 21
112818655740068 21
146835361511999 21
65886214547703 21
200469713221870 21
206803359721445 21
204941487479896 21
71510881503188 21
203768013972139 21
62498163160248 21
170464304362532 21
84475947882711 21
9023773557132 21
207209683710797 21
247642074376439 22
27756317011613 7
164284763908898 22
32711686231415 7
211476768221051 39
256864338161674 22
222404127893350 22
174819172342297 7
168412846950109 22
115125456025144 22
265858713671452 22
139595453977871 23
2967248887452 23
81798342961875 23
90487904805985 51
211445571891021 51
75247349258323 23
158126465148196 23
11798406296073 51
215344059158090 23
33986242063816 23
212892883252342 23
226162265059067 51
70677771332219 51
264696081751755 51
48506770375583 51
36613640656352 23
162758250178182 23
52913030927295 20
212384381817941 24
67607130578031 24
134452725362255 24
170246737519499 24
128272537446806 24
243278207816486 24
10728527808906 24
76207444140328 24
136342173458166 24
115311820224554 24
164468779715191 24
6190847437107 24
254906949649779 24
260149382012477 24
3013271435240 24
238623389595361 24
227577262279001 24
183543711526896 24
118374378639687 24
84322554314545 24
152524015002789 24
251055022972652 24
53012387973850 24
176356464247094 24
102900890758634 24
95238267902925 24
32541948568341 45
144118444950029 24
157486637083322 24
72985273752941 24
106714723246471 57
13455136144482 7
192729627082069 24
45802792678046 24
48745263443785 24
44447796891662 24
128623131606060 24
28346908698909 25
205708536409033 17
146266502633864 25
87141285819181 25
267172232026040 25
250814276991090 25
193170056775219 25
80778240322443 25
230748354595719 7
156080935973626 25
28899646690794 25
190551404963076 25
191473521187891 17
140615150829877 25
232540408981055 25
214193447006212 2
251272124088131 25
183187346209490 61
44327630516442 25
223285542824165 25
236408448040518 25
260039138253489 25
254503553510540 25
40561549156836 25
80097898447586 25
199876812742157 61
151588401926576 25
45363261250544 25
20632888961387 25
118274507015867 25
81547756717412 25
228437972529282 25
4941265413110 25
86531814378851 7
26329291326056 25
36771489393882 25
256787825039650 25
165984942209806 25
258363389947993 25
53745183751006 25
32488865499330 25
189794397813608 2
218128918706720 25
106297314891597 25
94550110452380 25
46239505804218 25
119229556715071 25
278168860492737 25
95459026106438 25
11702023482304 25
239311244920615 25
11323584951964 61
116517257372242 25
217508251971643 25
181822859331604 25
3037204469098 25
260916445067038 25
272397131548175 17
58271436337435 21
1155077537358 25
119953819497212 25
40894401921290 25
253090776441221 61
197475704191573 25
51639213805016 25
77753301035238 35
243306131883489 3
231902508350886 25
103183872220535 25
217672856477817 3
233451029136969 25
201038070536067 25
202647688527530 25
129062657742973 26
126274798998971 26
188741573136156 54
105155343587765 26
228922199007881 26
77229304259022 26
67600947459075 26
95630569096419 26
151836052966992 26
245134583535384 26
66439148898643 26
44912218940885 26
166656039031283 14
78063508855111 14
36314609769330 27
161475230665851 27
156443107840551 54
175116871183005 35
230126705905443 27
227986522516906 64
73655365542559 11
53480572620265 3
85724254585894 27
159709798044523 27
46562611293622 14
123389647598264 20
119508447800738 28
42161517711608 4
142163993017370 28
247868670590447 9
164512227663923 4
137315118880705 28
6847113048673 22
183094851111978 7
88018585511164 28
113683958131675 28
142128028466456 54
2886389231984 7
10960196102051 56
238045788819480 56
201914677413019 28
5386881121103 28
85225997184422 4
255425476037959 56
39384721567005 28
269913273542742 7
265808518133913 15
151935082475773 28
144775418733795 56
234213272521470 28
113362562866903 28
168929992917092 56
202086471087068 56
174239805487501 12
85265431317264 4
46131886362547 56
164047426005649 4
14298534363385 56
29293768777440 4
172355259637467 9
64088495964971 28
263961781772399 28
169681265451712 29
187695335536970 54
26693954939254 62
150624794508514 29
104600585933535 29
24830256006619 6
94982520166602 29
152090059598098 29
81252165941177 29
150142789312805 29
181575296531828 29
201371582119826 17
277140147073502 29
224522841864032 46
63572344788616 7
9942269016422 29
111434421182459 29
234440074625982 54
55861710395363 29
95054925058370 29
58114755178455 46
26540980003483 29
125173547247050 7
32450119369421 3
272944991243580 56
91487553921227 7
277048006471110 30
45444452879734 30
264387192435844 30
149983221157430 30
148497523593020 30
43341430511884 30
169019947282818 30
200689914835585 30
175242814198818 30
238836941199797 30
262117814548921 30
39932993552707 30
4912834579144 30
205894328670471 30
67208407797733 30
88655117410170 30
150135061735653 30
277916869950474 30
164015313083242 30
16252119060074 30
277557727574712 30
70613338556697 30
51834629921738 30
232825352234709 30
109701377467978 30
216927583320659 30
235067417720704 30
114446889598423 30
65119704018327 30
100741913259923 30
66581297898577 30
165970901215395 30
57905509407587 30
126363577140542 30
215044235453157 30
193111964767618 30
154362457161781 30
154417525212917 30
82932607095219 30
40741973699739 30
121587100429929 31
12538177669002 31
134941972448957 31
116776427630249 31
92633894306786 14
5171758841643 31
231936194124944 31
225307374647061 31
155686030708382 31
157791922602152 31
21959175693387 31
126488670700246 31
200035161696504 31
182456593222886 31
246255649335399 31
156485703001553 32
221121311798445 32
72957910733921 25
213895920457193 32
213012453270323 32
173375435761343 32
29836414137334 32
188719594040445 32
184003083924136 7
172710415129056 29
253808960231023 32
7237695239901 32
239640541881319 32
126479894657543 32
182117113250078 32
56642330085468 32
168670781597606 32
3734682021360 32
173663426950564 32
174662186652283 32
82786492447179 32
274747322021341 32
166906926743855 32
112607808804562 7
105496938901837 32
88495509178549 32
159830117738040 32
34521579317930 32
233815414587059 32
172101055626426 32
109312214253398 61
128124786125495 32
58486138043947 32
249898251164428 32
82151791620072 32
65630029983309 33
244708010171053 33
281039677187827 33
144188135627850 33
15726519898609 33
87868631752349 33
132371046690130 33
49011775059133 33
267993480478705 33
232602714804632 33
23886345494785 33
193976005933187 33
207834245834405 33
122627074107454 33
41382484732443 33
121598722999162 33
206242461096478 33
819998285180 33
175188051965784 33
124581878614331 33
263434883106419 33
70698811638491 33
246393200188920 33
13541162792321 33
42646938048460 33
151370601372731 33
166240370827971 33
245879330364502 33
19100677119242 33
170480980160346 33
279878474287965 33
221015992218435 33
66761905430267 33
269101526701130 33
35782612084660 33
235087540816394 33
196034939955761 33
74484029640559 33
2879543066243 33
63167922152822 33
106745357029297 33
173209123119925 33
143435878275963 33
29836353214864 33
54055569644742 33
36775402876932 33
191082734787937 33
115633065887359 33
57184832387302 33
27605125474605 33
88783744609600 33
236501882700579 33
182137483888142 33
181942293800418 33
39260769018561 33
71061423030972 33
172743553030543 33
42890261441155 33
10190127013401 33
213377866758923 33
38184109227083 33
22487174163712 33
3459909805796 33
24960835177941 33
280531847198489 33
43027582931810 33
135709585633741 33
91017039609661 33
179807703637754 34
152784762096300 7
89536347547319 0
84382688717601 56
167953747543588 34
258711380423964 34
204892027387332 34
6599587147010 34
198352832496521 41
263984978903348 23
155414070373064 34
270279136560255 34
203573898994672 34
135444385380097 34
60241667421516 34
222029831611817 34
232877512531135 34
93147780960737 34
7710569497065 41
162772283553140 35
116808522731544 14
219242110689323 34
265791979769802 20
124026448147038 35
106247229370266 35
38307523280333 35
181438579038199 35
192915070694458 35
63572763551039 35
28818596051371 17
128853406827117 35
260960204002235 36
205844056576037 36
216861156284592 36
12731644753053 36
223637499048096 36
157263521745192 36
59931135641950 36
131555829381435 36
72479514517996 59
181032847765269 36
151229463535872 36
111221065333587 18
168158052012013 34
46887755900596 36
47596437023497 36
166846080778410 36
59122913717245 36
277274929890394 36
133619450140564 36
200255302839174 36
116033420332431 36
134326412377314 54
207151204890630 37
174414049036241 56
194935767258770 37
124089944314453 37
156108836555456 7
130620472574733 56
132602143229839 37
96432189558564 37
98116365107626 37
180969882468522 37
173778476615924 37
159048693502800 56
12727080057126 37
253740560649411 56
28776929470578 37
84528692697917 37
169464337381769 37
28388562239988 34
241282807193404 37
126608968358413 37
178524093592941 37
238449893956724 37
28928780842263 37
53389071933768 37
129328062453459 37
146399792993516 7
183058069923967 37
213239669822943 37
90800499342656 56
192443893427388 56
85690617224621 37
9778350428747 37
23482522145365 37
250277591555335 37
27706012231740 7
246803796967254 37
241253471842230 37
59938241967936 54
72370609337552 37
127599519997744 37
85498403642169 38
191864310457421 45
217514496545419 38
101859090576595 38
155492411687114 38
88644302291791 38
216363477749882 38
3823039655097 38
54694163505308 38
98452260631193 38
69925531072984 38
170137761693894 38
203772694157504 8
254590257565205 38
43690519555279 38
21043945532336 38
173425317530915 38
61312047937838 38
199739295752882 38
134328140484320 38
137323342762515 38
144473490336774 38
163877454935877 38
13477219610640 38
281453065427755 38
101601741737386 38
163134640598054 38
147868306653600 38
172023641558672 38
11958693132364 38
27094676547110 38
118716838857093 38
248852330240692 38
51314028492744 38
133725731941644 57
243534358066802 50
113003902273326 38
267524012445613 38
174186840776209 38
64152005822318 39
272957417436799 14
177179090251441 39
166820847240067 39
149067780163191 39
36184348134213 39
180904945805561 39
42945494472240 41
34916675260010 39
248118351493479 39
240826741538087 40
149422496145117 40
261041440565100 40
74301395478657 40
213071107584009 40
236388308817522 56
159901427225539 40
227626480750619 40
60970113399306 56
66368137090980 40
233034534346919 40
78753231340984 40
8748755569753 54
14952088936493 41
109621673726366 7
146373146305279 17
149211547582604 61
86337873626689 41
118852302946037 41
32451970850443 41
36594377434687 0
20503849764975 41
66215151543659 2
160977056867499 17
159459745324553 41
67419780807710 41
89695626746257 0
234548523537270 41
9695663070732 41
274208631891963 41
11372726295901 41
55243133879831 41
143973869272965 41
142736348669274 41
10965741711124 41
254279182870274 34
270903728385090 41
181625453699022 34
220746477588162 42
137147996314177 42
178135589119846 2
49392410707644 42
10862899087299 42
113642224287403 2
133601956755447 42
244191592724436 34
207832317370924 42
113873360293626 42
192289173683383 2
213846696639256 42
90726462407698 42
253180761378741 42
120038900481415 6
222702404753900 54
31298824760483 0
170456338196321 56
205965038179609 43
114729839768212 43
94324995173260 43
109570327986968 43
262956282233184 29
194856527681638 43
95639751638292 43
192980236579406 28
185493152113594 44
2673694081835 44
43368131556332 44
79187314500242 23
260605215535253 44
173920760544779 7
274671868055903 44
104613326959948 44
135143076263617 44
134924995245280 44
224087191080299 7
67009744976724 20
248958645479164 44
142525671459175 44
276989431095758 14
65043929513326 14
240212551513702 17
164797304196027 20
6010720544603 64
273877458036459 50
101316473886207 7
161684616095827 45
262590071294431 35
76088164718282 64
245240304745268 31
126876603197272 45
185478767088402 59
116783086894961 46
143258583781433 46
177667871133288 7
131030593434047 46
63843816715802 46
104136722304185 1
77179264353334 21
174410748960046 46
219743938725212 13
212813099067172 46
163917846645326 46
57869996051167 46
161444331393131 46
170089119119848 42
75358104940643 29
115170278424124 46
132658554144195 46
56191729485264 46
10637975208310 46
25310269460073 46
266365495272418 46
208875937359597 46
17135346437689 7
207669752212367 46
250720686586493 46
34486808155356 46
65244378382882 46
15285337455488 46
63645218807905 46
23321968857041 46
260052522402544 46
237434876955653 46
40297663481486 46
183896159041976 47
101765494322828 47
263436797966742 57
16840554892109 54
175986761975484 47
90904617142120 57
264806572631801 47
108779921017816 47
205960628395406 57
130156692331203 47
7910333726944 47
171170973907324 47
197405031387658 47
77749692775127 56
141514211129311 56
281287009485638 47
242303374584710 47
253961571749558 1
9071199426326 47
8703954032187 47
57596504340652 47
257991326790923 47
34881069334164 47
163345634108017 57
169415396834993 47
245775444870960 47
134891495999684 57
157687513000157 18
220125097875628 47
100886740425834 47
177618908492291 47
82123052079183 47
70107502529046 47
3793281838895 47
272334540228060 47
28232663230656 47
4643671272623 47
274007743371742 47
53436637095045 47
175057128178552 47
150755549297972 57
279471912650159 15
144248765250224 47
196364206638619 47
166515976224733 47
197876735028096 47
248379500663798 47
281158592144508 57
274153355552791 47
88112016451712 47
88706126473575 47
122149977722656 47
235067040127945 47
259016915506773 47
140383246723706 18
28433240228985 47
101944481020693 47
230386382878003 47
237710568713968 47
185921824324585 47
28977403276334 57
213953475557980 47
250304785289972 47
245910823120840 48
16470001163015 48
210758081731371 48
173287279012397 48
150334852543169 48
32495780075442 31
19980809341278 48
189129132806534 48
227130909723655 48
169161770310748 48
117660712399429 48
151658176320417 48
148816783221482 48
96204638404995 48
15567048842794 49
238022823291316 49
124260101658304 49
87303199047346 7
197310154388177 49
248352210957971 49
260583956644114 49
244019622110566 49
97543206711027 49
161627354481194 49
73960278632822 49
276229886015191 49
174764503912502 49
140952124601091 49
163249082058678 49
90491391247292 49
198049168803641 24
263941832290014 49
259451562363430 49
148383197766029 49
120741536391262 49
225631387721458 49
69808229451065 49
210821233774034 28
91145058849607 49
188115969709860 49
50671040885117 14
79415158843889 50
125852789266064 50
128223594624242 50
271948128491242 50
7764829222203 50
267295771860458 50
279263970084133 50
65444737474327 50
121539703062488 50
266688427975700 50
148709522654732 50
26871398601090 50
5587097497329 50
37444204291716 50
184819410467499 50
107832624038451 50
248743634451669 50
42281679564118 50
112348752082989 50
148626575559959 50
155742590449594 50
258317841706707 50
183063685446385 50
48963340993410 50
60458674038989 50
89910973261658 50
102378546062948 50
119712963499608 50
150797293235856 50
91170081628509 50
61862362763785 50
120782333221667 50
93139427201111 50
220023601927568 50
26894278905102 50
137175853941761 50
180453913851269 50
276843291239204 50
230477624096913 50
54904919873838 50
216206059169598 50
262150574753525 50
17091183989972 50
48865327426802 20
99353395957376 50
175525509859233 50
91504618904674 50
156057351673032 50
262700538989870 50
102863743517352 50
55207022937205 50
59385742496647 50
49282995945977 50
145496390149844 50
201159935876437 50
7191535665959 50
50979581734933 50
101875995695128 50
198510264274949 50
1567687034989 50
34242712836856 50
156771850498895 50
166879727524068 50
212595061852586 50
231024210742509 50
91454049788463 50
149084050605947 50
164984383035275 50
263955375260452 50
148250676862463 17
62809289349588 50
61001094152948 35
141635298289836 50
179908097456491 50
207436334186910 50
201043453994434 50
102375699738712 50
94390293579712 50
105825201864005 50
22253873952254 50
247110146298496 40
93704886717610 53
259674202295989 50
61716695398420 50
156284813632965 51
44023292595860 51
191482221546579 23
171668186072316 23
161736990704611 51
31560912832264 51
66383410722584 23
144052138524220 51
119018877536505 23
161327015693389 7
69543183974838 23
212987480326618 51
142827119114294 51
95435240962240 51
82674390207713 23
269308341052494 23
143960753189075 45
2615430998572 51
183901160290202 51
192236030364415 51
12100653903814 51
8282012100037 51
94838876712352 23
74659784689893 25
237420703021835 51
268986447310413 51
109200828050148 23
24542381360348 51
150060748457871 23
180013483093117 23
268525324784346 23
61912014361592 23
19970425335148 23
175315715680979 29
4804931586887 51
100649801101222 51
80032942879761 23
89667100253196 23
117193156191276 23
155676363220763 51
54990971860781 51
143806955273327 23
134594086713145 23
95945210973633 52
41600181701632 39
136207784276837 52
279745253047939 52
243699389245256 52
14327780645918 14
255501461953062 52
7027022271059 52
25548370379329 52
193472183058655 52
65956510637950 52
218536570184354 52
274797883991707 7
181044353106144 52
272432670459444 52
62720942574748 52
176641211967116 52
79063390102409 52
119003551382002 52
167097589372020 58
28215633867639 52
42507399432723 52
34558777813470 52
112084565234982 52
279993274210995 52
17873493568629 52
241115070469766 52
4962274410327 52
52744430364709 52
184904371006138 52
148617287829806 52
106378146595335 52
204989268416821 52
46896413797863 52
139775371807358 52
180455849831699 7
275824053962266 52
167796308891607 52
247917388704168 52
188171475860969 52
160108895002346 53
60507106222356 53
92105707817341 7
223805989959228 53
195495022490568 53
103714855938288 53
46383202456916 53
123574740331614 23
202501113625713 53
213795810703181 53
198868225116213 53
91512257740364 53
69459648530471 53
39783456412087 53
58664368776713 53
19602466540889 53
38717514374110 53
252158586986800 53
24276495891949 53
217229525176054 29
179840655389346 53
147282960935339 53
263116931229472 53
124798470459492 53
232050088156267 53
15990134817654 53
160524483271656 53
110027665030542 53
112779967239924 53
188297830139692 53
133221303212422 53
7457322334762 53
186465034100785 53
42405064252742 53
39209069238499 53
112854665280526 53
25759151891555 53
237869539709976 53
119268651236495 53
237340850483031 53
50878650085239 53
182690810966835 53
124250314289551 53
68788650357050 53
49109631807784 53
58239584574309 53
215653481380836 53
9656863643750 53
180241412950768 53
69328787598433 53
100275425964837 10
276672964766092 53
142918225389193 53
152776388872675 53
35042832659535 53
84341552817181 56
251912388997396 53
225574796246590 53
105884730132507 53
243726957457112 53
94076007889490 53
255576969281400 53
198611258962063 53
175226948767742 53
4996012149803 53
16265293920967 53
52226203237334 53
136477254270049 53
60232247323584 53
11639642552865 53
254564155110588 54
236722337745575 54
22348615582450 54
214143540909150 14
191776867880178 54
262603217219067 54
202282531188169 54
251227534795964 54
121876668307360 54
165321776617277 54
104508267199413 54
204881662599686 54
212172772999143 54
263551700162043 54
50245396694081 54
120681487267367 54
25496117809740 54
233305791947396 54
147581845605997 54
24243511046834 55
244073175576362 55
233384493956098 55
188892462712339 55
239456576557955 55
89594063831701 55
64152656666677 55
97834163100572 55
23066672408279 55
143350307282226 55
223260906179611 55
81885067031443 55
230097205699720 55
123538814777295 61
144705443563992 28
118748262360110 56
77572256403493 56
156475416888442 56
129127507194165 56
220504871765011 56
136718626478248 56
247257111498792 56
212366838588802 56
151296465744067 56
95578666938339 56
8264170313231 18
245562789122757 56
240940848012143 56
181039874634361 56
89769089079771 56
206383039759885 56
102166299045328 56
93626797871409 56
56097282532970 56
206918544539704 56
15546603003191 56
213886808229110 56
251433333239480 56
45079714450299 56
91390730383139 54
135765631636009 56
190691933479322 56
85878326806317 56
264231525441116 56
102545377243409 56
52496990276833 56
270885264966937 56
234944042384628 56
157945509279516 57
34014455742216 57
122376716199335 45
111244682532842 29
60773062017609 57
61886480190758 57
257491493151729 57
6053834552314 57
196346948657941 45
153418347001825 28
76285046518941 57
14900778959814 57
72184070491710 57
225063276575535 57
78830687897677 57
232720044427237 57
50090189272747 57
254954862437043 57
217788642858038 57
121270182302724 57
24642908945734 57
244178044762578 57
159853559091245 57
160175269451091 6
32744275229266 57
113673385317991 57
116746767143515 57
43085536931048 57
168770745390351 57
823691060322 57
42939060498089 57
238908081468481 8
54174452838291 57
156469298910844 57
134954350609801 58
24164318583343 58
33255194142796 58
202994376159638 58
67655366254902 58
78626757229295 58
221102735276914 58
112398517570661 58
28484374771230 58
1081369891096 58
47316133699785 58
225244960664683 58
174729843962251 58
148232452486098 40
78976561814862 58
147177375326143 58
204250026290945 58
256067556878716 58
195916052508926 58
261406993014992 58
240098612072302 58
122755944581887 58
160434646280220 58
86682044932773 58
125330130755259 58
29677376957669 40
238660537380696 58
97362880282817 58
119265164349452 58
95382382267514 58
109227437645837 58
244974866652492 58
133907322564242 58
24128283590435 40
86415403233307 58
262177184652593 58
9245231615786 58
160190919833936 58
22720499667666 55
273201260448587 58
96795536302994 59
233760348167066 59
229122550352830 2
93713961739985 59
5745778450141 2
238984948318990 59
16650003461592 59
55599057952978 2
151463393076043 59
12762827047749 59
227046402643445 2
80487738562041 59
231756354795934 59
127781146894048 59
240779908404504 59
106157424787831 59
220790575797849 59
152196692810493 2
265117818488708 59
233093949953327 46
213423965355515 59
192552342858333 59
96472829204694 2
160711135779664 59
207811094500503 59
87409928198990 59
51128001593247 59
148064588508777 59
84509965494653 46
25310039307937 59
27983125754169 2
30287954404531 59
76935751722097 59
172440461009631 46
165240981037354 60
199341703138021 56
219418905631693 60
114849991093331 60
136805688758902 60
134428606502250 60
71264962393119 47
166987062843398 60
30110016451064 4
169262717656321 60
129411780419279 60
253822004975479 61
58079772588224 61
96863153389072 61
212071534853419 61
194683910003524 61
4222655259759 55
30541738945545 61
247522059887855 61
37317402373833 61
137295968589030 61
205271993072362 61
7934599093458 61
187196967554622 61
93596878178581 61
84900859054255 61
17564102926457 61
108791206022727 61
43282679328435 61
124462968598201 61
141761360512369 61
92898345910391 61
48201625652884 61
137054129250381 61
120377462332250 61
197660246402350 61
209910238108124 61
242831553935229 61
171283515730530 61
219290164993605 61
135388722660308 61
168001996824271 61
200185477522811 61
238086890013829 61
193105190154466 61
195669704843463 61
157181427574244 61
110076560989498 61
225998636541291 61
768997409075 61
71012010420467 61
211221146632712 61
174818153313098 61
68516944923127 61
127814286829758 61
224332078849619 61
249336704607695 61
239711108891552 61
12645229904495 61
193527591834791 61
250690242062778 61
226535301966344 61
196290927971034 61
162398436112241 61
138900910117584 61
101466549865631 61
242648303238484 61
188680602484574 61
20776600193269 61
198300479990639 61
174261546870662 61
269872586834568 61
250073475691936 61
160111831218981 61
172665659834763 61
212047238342273 61
161424038000265 61
168524121468626 62
195780769615688 62
146954302501887 62
129411797275809 62
243349530446003 62
159558906375006 62
120063943003479 62
32032026985210 62
36518019171418 62
47394988452778 62
187286403765871 62
265121037778024 62
49955384897865 62
128909964457413 62
29930963149839 63
212833782292000 63
86720099198648 63
108708692179254 63
228202080943121 63
40770946409828 63
120028946079014 63
40642430959834 63
11708015866195 61
196047931097143 63
272971663374562 63
184696795621565 63
205277552295398 63
259576729950099 63
251654691027937 6
155212070237473 63
160612699653846 63
112760189075720 63
31048216823649 63
246135823739155 63
277093832503859 63
100390067078161 63
173617466317040 63
1961170835202 7
102477528633735 63
199520438465746 63
117508439324946 63
187894844878535 63
65962954700062 63
170611202156234 63
142470464913101 63
46805937534914 63
278848889177855 63
157950060202611 63
15391849034881 63
153585712286131 63
101972889550885 63
249415918850945 63
137317358942608 42
65370439620406 63
267815362258627 63
204016416196092 63
126635696121680 63
252549893632121 45
236461574259248 64
142297888570869 27
216195450479635 21
77818027799371 14
98399684099405 64
170822169515811 64
125593865061352 27
95276186370347 35
271826508816165 64
5006133551784 64
21043388971148 27
187109158101185 64
207232369986531 64
92225021746764 0
103798038402277 0
105151985080183 5
241115127545371 7
80707371180576 7
203441903337117 1
52036242280072 1
32088824891757 1
120279123805193 1
178247222191374 1
198798945382757 1
252735353637447 2
232114567592903 2
179858860761601 2
203610607510597 2
84996522386206 2
197190968966810 59
78674948375036 3
218709626382176 3
259894442765248 3
215102958563055 3
257360116664255 3
224051659249980 3
72775265749047 4
85799666791335 12
250352407866511 4
153713991105950 4
100445292911533 28
79388449696144 4
96784036307935 5
75059148014215 5
233904058365503 5
60465414434816 5
271516281697066 57
42565219167619 5
175955947227424 6
99685937558238 6
139359554758593 6
13660715690958 54
8892847578113 54
223774645857670 54
69644148034528 56
206490762427830 7
184906152757388 7
269429339967321 7
259788147939984 7
242364956797645 60
171989575007635 8
7543918205384 8
165686914620248 8
90104784873527 8
234721927463953 8
107718272788562 8
92155105688546 4
130887062870675 9
190578806124397 12
159150681274424 33
194623829547943 12
63942131521495 4
162188070314692 10
104172630509355 10
147161452931859 10
188966113187089 10
68379810384648 10
125152262009658 10
222415483981812 11
226956242998045 23
130676934121694 11
277219273890467 11
90902343312644 11
8930076853880 21
44373379290585 12
129578358912365 36
252184449483065 12
157995995189248 12
1971226586185 12
140972109854843 12
235062301335312 13
103516628043229 13
211268807760331 13
90047497977631 13
89076506012579 13
189741795023434 13
3147333231491 14
178751172031340 14
108791052974961 14
186746339798481 14
207566111114345 29
44236954372652 14
248862354424251 15
216757794850992 15
203303240199471 15
60768024729582 15
77082747691665 15
3951975961968 15
249912753650052 16
271092174262260 20
130850895044096 7
30435645552726 61
95554888545375 16
162747174166022 16
104745756482913 17
248503423283076 17
1680009818663 17
118856043990406 17
133901174827332 17
201563220777672 17
217454429452912 18
224347617671674 18
96180731228748 18
167455735694316 18
1248139712686 18
187876445535178 56
87045029138801 19
47554002278610 19
75379322171596 19
234905697099736 19
271698678266623 19
108721496410157 19
147842874148341 20
9503029602707 20
269682696118509 20
279052570544599 20
36734316029598 21
124721796335794 20
269857266362228 21
117679749913151 21
236607836456673 21
152505466419708 21
99902646636045 21
111328396186809 21
57031548404532 22
186687067183258 22
23928811685716 22
133643088021980 22
240488325996811 22
150424570500507 23
279013951742565 51
10451398154308 7
73826818191440 23
16140150389462 23
167655059989668 51
11911830487688 24
149880026585637 24
218898399676066 24
63551751725620 24
27391321158445 24
172905996137944 24
11723350472639 25
242080555866379 25
106855816250831 17
196544913235726 25
20473279407726 25
155090131386619 25
178029761007734 12
158854151333665 26
3540296722135 26
262115207308019 26
99385369657029 26
61106925036433 26
102730199665896 27
42246815853485 27
20164658796068 27
160895678110916 27
258876195415840 45
166756644088440 64
20964734389388 56
108918887215530 5
145292774459846 28
118736606486379 54
116985797488184 37
28287981672594 56
106610155366540 29
72088833413502 46
20347269960465 56
209041340165378 29
88957380101367 29
60958268470994 54
7152660903466 30
47935685138190 30
73453722391517 30
200204858220485 30
5727189715588 30
7854856827653 30
79319952357290 31
78399126984370 31
145782387815613 31
201962651384177 31
86872812013810 31
39308047561619 31
749558678561 7
13116990854358 32
223707175213404 32
57105910229358 32
69982712785124 32
142270901836185 32
743324928209 33
52543965628430 33
113550765537055 33
269296749098832 33
31655212570148 33
203923709778706 21
184147264825497 34
22005530448000 24
267314726310795 34
83278180521696 34
275095577461525 34
281424131705459 34
273080096885109 35
138022551760190 35
214611327765174 1
96207024783742 35
250609371069063 35
174695448246319 35
66603468800022 7
218937460408939 7
208953135027834 59
12060031974348 36
270468378779271 36
72705931737428 36
110590812800052 34
64702388910276 14
2589024329935 37
270262291823141 37
159766318496481 37
66024041039103 37
123670811276416 38
201738342293406 38
125289492066503 38
80653254779939 38
62637750945363 38
244839911809159 29
255628275237540 34
158155772959190 28
54261667398767 39
226107346604751 39
131216942990139 39
229568646276911 40
179834369394318 40
149554862776299 40
160774744035909 40
263013510663642 40
60633267295004 40
189208305742715 7
27205671452047 0
225474310891510 41
274583066955630 41
73054437452976 0
163966747080690 41
156244965724714 42
214379251053605 42
31587729233283 42
203817067738828 42
156992075421147 42
178499746959075 42
175647304665881 43
42073769535590 43
79789311838307 43
110078849414065 43
97648708383858 43
218688084129461 23
189405884739934 44
13440062937142 44
77711207414428 44
249049792926433 44
181497766786380 44
85949672591315 44
116550865767090 14
256710992728900 45
230674969855865 45
188939289572612 14
5634464817150 14
249732939074078 14
109256237570329 42
63825822238494 46
254028308843126 46
226610473938274 46
77072398052056 21
209970582838683 46
142125128307958 47
27212142521819 47
72892233460564 47
83180290588782 47
81112954294865 18
268566603064304 47
258457700150908 48
3887310301300 48
111744210788395 48
135594149956823 48
28879941691087 48
277518860917880 48
206605540592318 49
22448495593070 49
18811178270423 49
83386429475485 49
222158753497886 49
151270546640212 49
34087268014760 50
257065515771408 50
7672335968901 50
231086990128108 50
47114056660126 50
256750069346690 50
162438041555203 7
50592500329848 51
149469474450087 51
99100353668277 7
195637389764113 23
184710988565309 51
192448906039061 7
173292339463978 52
100787498488710 52
252383659280484 52
79408537762009 7
153197068166749 52
106756653124322 53
211270434893561 53
83016874579131 53
185860100727712 53
252782902238835 53
118755445534956 53
134804813842211 54
123116557108797 54
168300020556245 54
7931715299106 54
66114155871631 20
94007455470679 54
18575378951718 55
177152089407827 17
123494916743357 55
270373371223117 55
141805427681368 55
78343812401825 55
187125632648606 56
231341000448142 56
113894106726718 56
69206878765395 56
246317985566104 56
73558299727804 56
261342471851928 57
11428540514307 57
229830787847433 57
122774683458652 57
137494818004610 13
14536884856777 45
130152797994175 58
82398527127696 58
194932385357559 58
141081469173532 35
20504244787495 58
34908555959497 58
231697524933668 59
34669431490338 59
274893064995055 2
152635622673340 2
105261263986449 59
110173103038057 59
194943537659578 60
152075397804245 60
41011220851891 60
23540088318053 60
235962524675277 60
221313768024668 61
233820396162134 61
253188869140890 61
164632256504820 61
222724211014759 61
39116545754750 61
75000200153690 62
213416148787676 62
265342049650983 62
100701953677689 62
134202042048659 6
230821487955951 62
106971725224219 63
165894634504133 63
230851052363650 63
127774587121369 63
101556369154249 63
186222879957711 63
25597582511947 64
30179493682035 45
82202695253703 3
232403071405877 27
243171963135187 64
244364024695579 27
