99530762755754 0
59235714185325 41
173843508557142 0
228553231985264 0
278285753419169 0
238746639840127 41
79163804724588 0
67855720213541 41
19134635181739 0
68762981939117 0
236173096615044 0
94602521276550 0
133966688951487 0
129803583233806 0
205662002120140 0
138397166202304 0
163066511992452 41
210199812026547 0
146328297932805 0
270011762572687 41
252630519255519 0
14950849760593 0
2647257863309 0
124549400355253 41
276787132741653 0
65315753001781 0
202042345717424 16
76161971181722 0
258391061117219 41
113794258846928 0
160371259493208 0
157565859492539 41
266822796121644 0
234649954459274 41
23849890935872 5
34479937140408 0
85652287377020 0
79650759063132 0
234013839650502 0
42124444960175 41
53741984352241 0
1275586272838 0
87581980269294 0
218648090683246 0
79343897101353 41
204647965422617 1
89445760748363 1
136957445279190 1
238603473825586 1
53645408997303 1
45268442218541 1
31743739591299 6
41358643575653 1
61754614221371 1
114668881948759 1
210663868819440 1
89148461479188 57
187498823135490 1
147730729041997 1
124330768237596 1
39081411699837 1
105109403862827 1
81295333596387 1
230697915103386 1
141518961117475 1
17337824555292 1
42117884790438 64
20072097091781 1
250514329032155 1
136467415469906 1
11954450666015 1
258979535050801 1
78708945221768 1
211618204191353 1
136415867940843 1
185518831241143 1
172219640650684 1
122059849005485 1
95794145442548 1
278378345942821 1
214747415726232 1
152234258728032 1
239446752117897 6
220811209117980 1
106482284367949 1
256412674110591 1
149978217638986 1
116580337984419 1
126439160281438 1
250513583589986 1
202668228662642 1
80520119276756 1
128799889028631 1
156675995246283 1
58394895377425 1
45459144635151 1
113660716101538 51
231146527973285 1
248774437618520 0
279223200000383 1
117192636610565 1
71946583234485 1
180837389376652 1
249223032441680 19
207719433476227 1
69415041535866 1
122045899701558 64
66100358812414 1
34691738607497 1
106960290815544 1
157920235953251 1
117346071744262 1
56434035240187 1
216204454224266 1
243336884319372 1
93476515745071 1
154642141876007 1
169887530057725 1
219538719105959 1
29691585335265 1
131727772025780 2
247944647750386 2
233908437868439 2
18323654798624 59
272074595612196 2
52299694103559 2
12305537673656 2
184187492077397 2
2519997466602 2
242176156795853 2
271557641961648 21
72442057088998 2
239611535114765 59
7073859961927 2
120715425470799 2
192811673516817 2
190248195112266 2
250720926251505 2
270631449693210 2
212383819223408 59
181416249276370 2
166810080405686 59
102259356494644 21
239875892928371 2
118944571371964 2
134639317754914 27
91353012390613 21
98238628378880 2
10291628343394 2
54280074703821 2
258417990160127 2
272668659544439 2
49641722638308 2
7612176325705 2
232433348978451 2
259839027310837 2
119377925878276 2
214610660156191 2
236764445784591 2
153950792127662 2
256670060823681 2
227103036188603 2
61759479977545 59
104191654884870 2
152366081747270 59
176346794971004 2
66883264471460 2
19285947916527 2
247460746385609 2
265680604287503 2
152479240506407 59
78710922127161 2
65433839282589 2
10968148300956 2
43458436725439 2
278113274155186 2
58301890227417 2
47856394627608 2
45719862122748 2
16267710366705 2
145267763451676 2
126682801064576 2
215266447606927 2
163213755530704 2
256361444463456 2
3386410127963 2
51085465688055 59
102865784029728 59
195506058237001 2
36570530697978 2
37935479602205 2
117388456173593 2
241348083559726 3
6323530516753 3
32311724803293 3
274727332551774 3
278193249898311 3
114112811286850 3
265999372864034 3
63060059891596 3
44122261835618 3
148021107541698 3
53155820137629 3
90605785074506 3
229335171838861 3
247591019473353 3
96042430792944 3
11506511539643 3
183462712205382 3
109768501041525 3
208221554467464 3
120635212899820 3
221511246333306 3
67464200209281 3
191560484583222 3
249539646507953 3
127599466048289 3
147153263550386 3
96387690189884 3
94512043592227 3
58981212850926 3
141481718761352 3
186689293444331 3
44891073763641 3
17556129066451 3
112294309293631 3
96338021899980 3
248084036257760 3
222244274485226 3
217648962937663 3
103332377507685 3
4312441894807 3
191611286456787 3
102348803509255 3
7020113702236 3
198595489656938 3
62326020335811 3
153979484158390 3
195194501664014 3
135837932446576 3
279325449534553 3
138255050627859 3
182288626614571 3
149725086910603 3
33242940672361 3
66679111260502 3
250218616827298 9
75267439188820 9
56016489139021 12
2743855946446 12
162891210638797 28
152502772592924 26
199595528746256 4
158173502001576 60
210514240714348 28
208708757591903 4
168275056140250 28
238679838412219 26
155265573425115 26
257683082851162 12
160398853424062 26
91169596642253 47
140088828508129 28
207300136961600 28
162180355855560 28
205699472691898 28
202046382903756 9
142339647122999 9
260560442699231 12
243150991967608 26
173444495125294 28
256670167334349 9
55549661995416 47
173453526143841 4
85880807438095 44
41905893503971 28
195120212662479 4
122191428768353 9
191325980348143 12
96346613161708 9
191453258397509 9
73621550252310 28
89728097160685 4
75544768065679 28
194994459975301 31
124894751485982 12
52453036200325 28
274869611049434 9
151868568180065 28
238782110683091 12
264698082513785 4
217765516231331 4
263455544708544 26
246918486399634 4
140509276618537 28
90793405013731 9
247675768438203 4
193415427414287 28
147689785586886 4
267687845723726 4
70707188479273 28
92141229245327 12
112654813744528 12
66102709059556 12
209885876233980 5
198205584279650 5
21738087851706 5
167341073603994 6
123034621891801 5
38372876608114 5
150948928314407 5
177925853983608 5
247953953788969 43
263467639613477 5
47836920706815 5
171952010633 5
218034288389904 5
235706413581873 5
73627578454240 5
27440382501949 5
118447687511647 5
171092774302385 5
243825204749469 6
51868398251743 5
248902461999730 5
178001091746572 5
55878430624338 5
168342087840118 5
90402357017668 5
62171548589894 5
140670317029386 5
194475839149465 5
60831778776645 5
187733324215840 5
182720159321932 39
202731419523868 11
135021737142695 5
145998655026708 5
125800470361184 5
87340298247427 5
121895387189335 5
263722504801471 5
221374631829877 5
252813869917020 5
49965450533938 5
35317755544496 5
273956526375513 5
151906334871090 5
171929290616097 5
61397618011109 5
83793364964510 5
217375870845617 5
40237455429486 6
166333465260994 5
55301693698623 5
49259956748444 5
273745955664582 6
274677103461336 30
56722758962598 7
12435070946542 6
96274470093172 6
124443016824384 6
179468309265837 6
249155255489339 6
133765567535682 18
199582819733280 6
37729269103982 6
25901859132569 6
156285848562223 47
75086165952503 6
209383498756287 6
120289395633414 6
55154488299707 6
144219853759531 31
193352572547593 5
244601903582172 6
228779599527695 6
18073598651646 6
43778377589533 6
67660846454664 6
126689728760647 47
51693057400136 44
214622339746125 6
116235669085238 6
38733131204772 6
113823223748622 6
120322877083670 6
164731476036393 6
33483523405726 35
272476806150087 6
198408304975290 6
233228338170701 6
216020931728948 6
119987910514063 30
80678949735057 15
231098982904696 6
252582861331012 6
216149487572556 6
214438257364433 56
96460346742454 6
278526831237826 6
68521001522642 56
207230603435534 6
211299477543562 7
231622599552272 6
29661564838682 6
246191225601232 6
9443641265102 18
143306930529541 6
247659788664251 6
93557915394510 47
112136706470265 6
40902658551459 52
144360780028663 6
126735207148543 6
10692026057792 6
252130084151086 7
177476045503460 7
256869736811910 7
27281251268856 7
197566864362736 46
19560664033307 46
214229717085522 17
266655268270975 7
52234910838216 30
155336064648810 7
54794953623497 7
2357347209071 7
31553239412115 7
139300576173575 7
120249752663967 7
185150263179919 7
43143365535366 7
186635794977097 7
229889614722286 7
156112499188365 7
73183258263502 7
76780670943327 7
39691395645482 7
125652941022922 13
74238781646744 7
249219980780981 7
83038843396783 34
243506599539380 7
274195575463058 7
62190621729233 7
172879282500508 47
2351740318117 7
225881606666972 7
257344342647338 25
72195118327921 50
215435319026022 7
180442799141799 7
212568834596050 7
3417463632411 30
232202785613256 7
189178849336167 7
250278587509687 7
22831185017525 30
17590467747882 7
187466856771473 60
43844790416240 7
119779186188190 7
89226501874776 19
256952842283048 6
101030958469784 21
100845585426144 47
40171867934396 7
18951183410182 7
204974763456803 7
187437879137162 7
209920917310731 7
130196119216937 7
242746608256385 18
42287849655541 7
215806130277320 46
82015468979855 7
183641222222637 8
242703477807445 8
65049705168524 8
246293901556333 8
240392606787732 8
19627966637764 8
257407351421056 8
1642651008565 8
51913705843928 8
193703590056998 8
234560709027025 11
239772515809395 8
121237920518550 8
208386530447636 8
228669443618587 8
220954831040180 8
160451696388479 8
116453085957318 8
49538570728010 8
25242349549696 8
76828510214059 8
185453193110430 8
178488173739344 8
170115865045025 8
269570078770635 8
259939681206498 8
63514704711741 8
252853239175675 8
189766899270488 8
89202057302193 8
135759225138605 8
106564391848644 8
56104815991320 8
218310005030160 8
106669262576979 8
8349781136665 8
138760468665778 8
39251726742464 8
147431054086770 8
12384661575425 8
249330289888062 8
279078710932280 8
219959247836537 8
67075676382120 46
174853000231591 8
264758011170263 8
77807109550676 8
31295781741602 8
83581068643223 8
38907303302356 8
2040943584498 8
265422777708011 8
16374554027051 8
179626818788200 8
251172695095365 8
280583639161839 8
6670331300845 8
220464001617060 8
140319209433507 8
209969907473606 8
99157419855247 8
163375527704117 8
277082558768457 8
77899178329874 8
271900088407489 8
87551342426372 8
14498169148137 8
123107132753305 8
5990318821391 8
22732385137623 8
119452881388544 8
174007181235162 9
276431749361580 9
197883033380481 9
214537837497353 9
160989623851127 12
264916322255064 9
260332922319829 9
252925824289582 9
80590006853463 9
85756230240491 9
267318523203076 9
214385780135463 9
268811176044705 18
277696102129938 9
250196726760465 9
247592290792877 9
133704005455485 9
184019695943929 12
76013533600400 9
125867933808976 9
268623809230166 9
64197560108492 9
17681806896170 26
255938500062094 26
199663346086512 12
97394179792914 9
240913947407920 9
8963690374236 9
156643684727861 9
160141585717440 9
50387448143922 26
118895387878580 9
170798928329437 9
181683436356513 9
168457414620344 9
66206416144900 9
78144091195804 26
192760579769854 9
35315998555458 9
7449146847920 9
86623564489253 9
100070143812933 9
239669725061021 9
50011729390939 9
230289579152587 9
206201941303982 9
135170546049494 9
72410602190254 9
64372275495789 9
7998755533083 9
244959971438757 9
170489892129446 4
102944821709548 9
93085604980552 26
224859039281401 9
82706316644210 26
255075027049236 9
263912784539630 9
97250056485142 4
29778849749059 9
128077225852899 9
110915358721766 10
274402998819737 10
95313867940134 10
166969268537096 10
29365959517868 10
39390805850640 10
173908335890890 10
206517265641019 10
201151011655899 10
257871019493915 10
203332444385519 10
63964271226239 10
11038041170627 10
7878895577852 10
45351131580952 10
275433816426927 10
278062275921548 10
107276461611623 10
762928192221 10
34874526533670 10
276679337837609 10
251056423750938 10
153494932420119 10
161749001337442 10
70239558069321 10
189791159180633 10
142403128276375 10
87716915336643 10
87179472406921 10
196505115951458 10
75711129044159 40
20847773705096 10
266198894609533 10
125888846099325 10
97565869008872 10
109916516581671 10
38996726629784 10
141640553941800 21
241485402250247 10
29164650192727 10
67563283092311 10
213646497186789 10
123889645043575 10
214624832828893 10
135563751003571 10
183885681524641 10
255623792629964 10
197092852827205 10
44268790729445 10
255596383042712 10
259927476367117 10
224784826678489 10
54477509472653 10
207485613339598 10
110032036693279 10
8487417820068 10
95436480713488 10
275062426361182 10
111299087001005 10
73991741349423 10
114666966745640 10
111682635370597 10
96172635229719 21
221115020893087 10
197762764434198 10
87055297566585 10
98960674110664 11
270510905472690 11
100010143406971 11
101135683097713 58
110475862119671 11
268389117449459 35
88571306625168 11
87653997156143 11
115122833471988 11
168021899873860 11
131339693955396 11
42987245579813 11
55217637453155 6
188453799239550 11
262034873781779 11
170566574142045 11
235945415546653 11
189796154013902 11
50733565718639 11
236050387990087 5
7866678250533 11
178499851143761 11
110547386394366 11
51832443129189 11
237804043773794 11
184047479811150 11
200958003671607 35
35828764465471 11
240533954435783 11
147776055694407 11
273739171906382 11
107227153134791 11
30633522957287 11
251100027584987 11
150233723821149 11
271282286242772 11
234199130691808 11
275329272661923 11
221300536212886 11
171370987042294 11
159999022091462 11
165155051924893 11
30926547220700 11
7416036345395 11
131456582988289 11
39378763684676 31
148647922544248 11
107810779249529 11
209817746262259 11
224100651874070 11
75987196354388 11
69917327179767 12
19690431167839 12
49284965149368 12
172919108602450 12
187267339982543 12
123299138980591 12
189346768457077 12
31953955656365 12
166553253877198 12
179411205376135 12
74665386722924 12
149003683442545 12
46571241066211 12
138783869192391 12
277283762573987 12
225504004440413 12
206213526119836 12
164633013689478 12
61218859740577 12
115677331888212 12
268917550652125 12
45279062199755 12
1194478399776 12
137086636540325 12
233647197509207 26
251148988360469 12
281043271949059 12
149980362513939 12
253620778143658 12
37291299760575 12
238757671363396 12
180785240925836 9
222613022887603 12
149304566751753 12
249721002901931 12
22629356563631 12
217701950160194 12
239628314681087 12
142202957737840 12
130940162845799 12
5451277831207 12
57618528915870 12
22969091016115 12
215893081687435 12
130855489773212 12
63817509519642 12
217443997697593 26
46588809502976 12
219995135785023 12
161922122367229 12
64296401060421 12
84292892359189 12
142225665558016 12
185588243731517 12
182074205358951 12
105511895789078 12
255543592065274 26
1550488445588 12
275093302909044 12
139795941233028 26
232080277561169 12
245926358983013 12
206509165482104 12
50957596665675 12
203418860409710 12
220673629339100 12
226091040889755 12
215877203506739 26
2870945351440 12
120082616555834 13
264319676185753 13
85108666393983 30
92684502280210 13
177749129010981 30
21810271168877 13
20874660263156 13
92758949700084 13
262845582790059 13
244349044113505 13
33125008950144 6
51042931418267 30
243777491428244 13
130185230099061 13
201725618922731 13
16663719009941 13
151946370765448 13
55652402134434 13
175151128297087 13
32344157530762 13
149777020841917 13
266601996098607 13
13381357995109 13
177157854568866 13
24873026876643 30
24462877976846 13
202449284232999 13
87866449498787 30
42139188944812 13
206042432408943 13
164212871051736 13
6694391135683 30
23059100540791 13
12610376770262 30
145858631370445 13
260007345460639 13
228080238268949 50
11598456389558 13
151958102586690 13
200336193295177 55
24523457879340 30
188601425017584 13
76138983556259 13
45007692568481 13
108577194173098 30
165986718274931 13
114157640017564 13
257877064205826 13
159399111218010 13
12142620642540 13
14128621993773 13
219723271918182 47
39424024655121 13
47976283917433 13
244745235094265 13
76032519262398 13
107397324720244 30
158574942468083 13
97784968211600 30
48582009026456 13
148704078431321 13
89892004783119 13
149972177046367 30
279631285443951 13
115388954012184 30
149169440487665 13
73031905051825 13
54267022939208 13
213686543809053 50
184961780037568 13
79518248213963 13
249210027921691 13
52973367349137 13
3346465254110 13
58762440462382 13
227282062040957 55
214477260149048 30
249470484857298 13
271189633270343 13
128986319312630 14
149459456528466 14
228860450680889 14
189863177015883 14
128429109945006 14
135893932462258 14
12538031959968 14
103015225458095 14
158518398019668 14
274598021034590 14
134386230262265 14
102202631784463 14
272952786668330 14
121041988567215 14
162335250654607 14
130416657104537 14
21398052058597 14
64927620703599 14
25057957314675 14
105442819250163 14
49628465542924 14
203376633120598 14
6870697882713 14
47006756590258 14
198544629388598 14
171345161766736 14
75382770508344 14
125787763627731 14
142614243349239 14
36051287569252 14
259985858819539 27
69711297386153 14
72527217763778 14
92878402780370 14
246639218953784 55
108162596288193 14
219025730207735 14
255210598455231 14
221965424792419 14
154382941026188 14
207812593030617 14
114326762879469 14
105123032914042 14
40038988594996 14
15424509185015 14
119212834061276 14
36522633586573 27
240303060765419 14
122290488953815 14
58254903903799 14
148190969123271 14
251813212256020 14
53203902968824 14
278505671117460 15
94902353783594 18
215869770814973 50
146969528661546 15
13452882701157 15
113237475021006 15
217225935994174 15
80132176487315 15
191156273571328 15
124775414060647 15
86868204088817 15
250952164912538 15
46193215966598 15
152226940643702 15
117798493601784 15
83926481453923 15
166395410869303 15
262333410473864 15
167606355460427 15
119330933889993 15
265311179286609 15
132571206396657 15
73464500699503 15
265950825232153 15
213871493016570 15
48702858548684 15
191408014395602 15
101004063875633 15
148448133221353 15
247834037468815 15
129774782742201 15
92659954256745 15
12510473033200 15
114101638951583 15
122512568413520 15
223654370169792 15
37025361162 15
200290145343533 15
217467990047589 15
194377970072006 15
141998293239356 15
26894296163128 15
121222851365513 15
41276297815221 15
198063054203616 15
17416720505837 15
161132654294029 15
246964076579053 15
19789830581453 15
101653642282406 15
87845106716318 15
134278296331739 15
253565466262013 15
151719186792572 15
187703737125345 15
139721912323001 15
175139232860624 15
266884614465947 18
273514841861265 15
263752414259673 15
49210339165578 15
71806934498778 15
163753929186195 15
271539650559206 15
144061500073369 15
205334208283272 15
273429309860020 63
81909709740629 15
131898239362351 15
129112890598338 15
107218231578800 15
236205007743259 18
26525763455952 15
112008562168794 15
206282990346332 15
152835911842234 15
71842365688370 15
276931109850196 61
160805595203738 16
49705970301805 16
57017255670870 16
126487978964077 16
264139251885052 16
201992247615490 16
216616708366009 41
253742611429949 16
82536492086050 16
195697498017882 16
53175075512825 16
233369655568228 16
273568963611472 16
40618211039104 16
70309664955400 16
49871872893080 16
250099568036009 2
59080384585012 16
120685293382888 14
4473993034996 16
226672483392130 16
152458271145476 16
53275641695667 16
1851998583586 16
127459627227079 16
216243805450019 16
1394632375011 16
277923699633369 16
85216567044475 16
24614692749062 16
116149101356005 16
836268063491 16
243369912830400 7
214311642329799 16
52342043796007 14
24353490823075 16
216460906269202 16
202414290178130 16
167446040158319 16
5585279700948 16
116841310039549 16
12650700322425 16
88600347135807 16
130415088939134 16
221859306008975 16
113671185291578 17
2837325958298 17
86701380214790 17
85714113689678 17
87974031931406 17
146371242178996 17
27682568137179 17
65983232195089 17
21422512037156 17
263565012714977 17
75748731623266 17
131894112538186 17
90814152737242 17
221451525253903 17
241964914312968 17
267691301266821 17
196488620308824 17
34414251052746 17
41165040917583 17
243033581254651 17
128507444354585 17
156625150429096 17
69413375417023 17
251533076706766 17
121352992713110 17
16354488440539 17
278506501430214 17
4270649889942 17
89611265282821 17
53912581347433 17
235744899346579 17
115881768947376 17
186301289339667 17
3886717700446 17
155932633331585 27
39620573318431 17
134291010602633 17
181743907210886 17
47211417911724 17
70820343021950 17
238367036090206 17
111143050389779 17
145837010245916 17
168851985126368 17
147668621237916 17
145412496151676 17
101366807529560 17
81430404285072 17
116749706329745 17
42466939062169 17
134444574196003 17
157978764286881 17
240939341608278 17
32622287808252 17
25758526693932 17
16526345366604 17
127089625652593 17
249945458473555 17
78457637918451 17
150259114302357 17
124481105421157 17
436785398538 17
157512470289210 17
241290493778512 17
131216130545242 55
150124207830918 17
191043964356821 17
214981394339935 17
121301714835572 17
160441750746034 17
112299207169773 17
125930035923645 17
142056626374828 17
250436822520344 17
212524588040539 17
191182332784903 17
132696045670318 17
92527637813879 17
172165279812454 17
8906409876225 18
77687655381307 18
201763630799851 57
56421576039295 18
249842897044108 18
136625125570963 18
277846222090697 18
72025850520002 18
211304866949751 18
267521757873059 18
112203159622540 18
229290270713771 18
217990947914737 18
55516691995437 18
181103034688124 18
28692856035099 18
64611854872314 18
9076463483967 18
11455514473058 18
197059681817711 15
52771210529971 18
260533008323381 18
54681266877373 18
252722055543945 47
98421145169337 18
112999496647675 10
265541361632192 18
20458528366003 18
42235300128611 18
166183897077304 18
221378035819190 18
161661488028870 18
254160669290939 18
158955005886770 18
7405461553327 18
158267754946235 18
47767471288979 18
185421258574367 18
240601536650551 47
63858852768689 18
280952091110887 18
93986220194974 18
161864675131962 18
212928753682265 18
259578315946057 18
86218483297423 18
257900654278991 18
77072827013253 18
125210927085123 18
64239514955355 18
182596275585317 18
140201113893376 18
175763485857911 18
132695921045966 18
172989170119607 18
123113033835290 18
193290764562708 18
271949749235492 23
214887872324693 18
190931737037661 18
118586661358570 18
167853220160792 18
222406194549284 18
127526556626971 47
215483893852312 18
210941544278520 18
209744884598355 18
186840923443376 18
81856156546991 18
37893789483102 18
10315142039675 19
281361980227442 19
97309844085262 19
22465239059794 19
161580826601708 47
11828474905174 19
184034213404410 19
37485114700478 19
277188503648624 19
45206448954063 19
240756965552605 19
74034672837317 19
21024720871469 19
259657426409827 19
259487005171225 19
109678905255401 19
34495656500057 19
104221518358223 19
118416000846052 19
14797228393681 19
23512218888268 19
72698980091314 19
80047756372744 19
134630097067299 19
102290803616405 19
280972704452339 19
101153124040936 19
107594670360231 19
195917858304941 19
256563390058003 19
212105246565747 19
9357417956193 19
237431948953966 19
60226686920521 18
160478316788189 19
173249337769595 19
183665620004914 19
177542807229238 19
138971939433676 19
144978657434088 50
70690577215819 19
118543383430480 19
240403326164007 19
15573310422707 19
273733550864236 19
156525893952603 19
118839338169839 19
127871565027590 19
103971379009654 19
180266491120027 19
104294104172559 19
115309575427913 19
39551071469001 19
77011281673201 19
47061956293051 19
164133894019542 19
228106902105811 19
230329741262372 19
70223102310509 19
18111502413886 19
19446016814697 19
164023082399680 19
21318061164555 19
7037542709793 19
140446655073032 19
172051862510074 19
131899821113999 19
147076985846577 19
123066419284543 19
202548044097669 19
64073548952752 19
61829442306074 19
109381429756346 19
150857484528691 19
238311590256498 19
14213539889950 19
159765627848936 19
120378120499073 19
88441224513463 19
5933311344674 19
206370336892476 19
203966505036296 19
104834854374755 19
3768391819266 19
152892600424138 19
132928327942788 19
129305726777876 19
200262185951461 19
262900971696951 19
261838469486981 19
273885940633928 19
275021525471020 19
235572615356939 19
232712275359499 14
252960475355694 35
53529869832981 60
136258965206968 27
174864529723882 20
89544423907389 20
198502695992723 27
129587209799546 14
8552776449272 20
42751797057960 27
93072092886244 20
75001432821812 27
33921835545959 27
93090799215784 64
35357377356720 64
134338688178030 20
228200797792092 35
276618053168402 20
23088677913325 20
255325026634536 20
73066261997827 20
62665841425101 31
156465709531070 27
202312521356864 27
171078771940765 20
29491410998466 20
111401581752287 20
195510144274579 27
255210685886286 27
111676701876138 64
94211855974512 20
47735352430129 14
64694286553467 27
121709419090941 20
168361773230549 64
275448327627292 20
173022859230290 64
116690595162787 64
43872841425628 60
166511245522717 20
73576535796660 1
168202562223733 35
30078072564570 27
163800345966214 20
111071898103636 20
111358423022679 64
221535669719158 27
15677593668239 14
39410070153715 64
123843213780079 35
59341077474439 60
224082911626466 20
232306096750851 64
153884759460866 27
158860784115624 64
128830322585807 64
103662120419684 14
6713627150600 27
92135616774439 64
48161794596204 14
137229476665316 64
85393546539787 21
55389969816025 21
11899756363880 21
203431766295211 9
233952420650733 21
165754313979936 21
127728628298699 21
62956421921245 21
205017997481563 21
186251010697215 21
162808023626762 21
189519516899926 21
30031443159845 3
243675936594119 21
145500940892249 21
187211158532305 21
69738487701887 21
201210137484746 21
107743165261926 21
198339739013909 21
230369178578091 21
15941572583430 21
74650176496016 21
133453002880225 52
214107299073164 21
136471810849287 2
183879155297746 21
54031678725970 21
10000085783420 21
91019064180300 21
155883535621077 21
149572970258721 21
56809362578821 10
243214535055559 21
108143222498039 21
86534647444398 21
241290000227239 21
22832144327741 21
103494402428902 21
98116490204255 21
179978958068420 21
274109005851221 21
168056818579572 21
278082638546166 21
41411672950166 21
71544425754291 21
215806779654895 21
258581608498394 21
149751955841714 21
191522882186908 21
184678378978404 21
123966563677864 21
75577992029420 22
208669202999515 22
140128524292626 22
56036263358470 22
97293896947588 22
209513863566572 22
276492026608198 22
257118501264254 22
150516296373176 6
36409389398606 22
280823440014681 22
33937212772501 22
132634320435150 22
8607659954459 22
11650208020976 22
126350367105776 28
80916061274056 22
43190317008673 22
41818090903056 22
89989048885271 44
189327719577204 22
143131020232533 22
54493315706452 22
202437420747800 22
5395100140163 22
201267789464591 22
267891431127760 28
277561551300905 22
149859723829052 22
260428977370212 22
259596444135241 22
65408276236061 22
233177066578842 22
157542230824264 22
228699790860802 22
174391298192051 28
189562943270226 22
274809243693277 3
181042435195055 22
6497012547288 22
23194242222623 22
152550453590184 22
218274393212202 22
270024227647945 23
274156734319594 51
186998672942340 23
235782702206554 23
71538262125875 23
21113487227220 23
256763418732136 23
37022083152312 23
210228573514515 24
181231183286311 23
178109588770080 23
163239093557751 23
184973486698736 23
106590890698579 23
239587183471127 23
114243517159557 51
80985752858028 23
69643435002330 23
149331916258208 51
247779577028606 23
250306615586456 23
46893174965752 23
270425780652770 51
124429333646335 23
175320890810079 51
278835805046754 23
164711195397096 23
180214082751271 23
244272286236579 23
183393166829641 23
110082925254716 23
245117796441539 23
208297929054009 23
110328364516840 23
183337798052711 23
144353853903050 23
4635844981551 23
229902172722517 23
24502633906889 47
86174252948424 51
265832201212691 23
177612570328030 23
207794148000890 23
243746632983682 23
163377489988137 23
96413473412452 23
80950415246737 23
121337488331664 23
6216748604941 23
242923501395821 51
147212450582272 23
272658626078107 23
236761586293579 23
235562048681282 23
118957841801982 23
27991443931076 23
113189690921140 24
167462909298294 24
165383065841317 24
177415635447258 24
229371604264142 24
34873455512606 24
251049289561477 24
58851660067234 24
204312031586824 24
197053210527797 24
98056766239851 24
162864723755324 24
221533395213314 24
192168051786315 24
88823782166092 24
231694071830095 24
256413434938280 24
253008838233851 24
58320620794790 24
84877251686618 24
226298394299899 24
97342904139967 24
41131833097253 24
178576209624579 24
204393706802800 24
102821112120164 24
63348910535955 24
231343270310230 24
81051729413444 24
97492869327634 24
84659305685016 60
24043991130767 24
229011453527506 24
93390911622461 24
119602762707988 24
35111262178647 24
215733407645146 24
37667479214207 24
148289626548252 24
132370779522934 24
35267740190166 24
217067741252625 24
118037497750051 24
268804631179016 24
231559892649071 24
7105785606147 24
47292107800817 24
198376066956376 24
175420423817874 47
223761131008372 24
246498883041229 24
29548673724187 24
198335565179508 24
140385428015275 24
269393412022262 24
69333870351432 24
182744586945881 24
193086422956368 24
48363402498633 24
68621057128247 24
246829085939263 24
184132381145809 24
113069454338286 24
239917427011257 24
30774740498630 24
195207310930085 24
259368178221393 24
184225459975265 24
129442716200510 24
82684192674006 24
12562247857492 24
79186764709126 24
274219922853862 24
173458572841634 24
120672132721803 24
208947126851431 24
244579379312539 25
265413356745036 25
106725872472245 25
241375286821538 25
194905807216599 25
79695825212443 25
64227528404574 25
127372661093381 25
58564240599383 25
189702630532300 25
18435468510208 25
130199070883824 25
182409144937998 25
259346072965042 25
207396062326151 25
11767255568788 25
84457254207428 25
15584252366423 25
118288371723659 25
18411503234250 25
127065435879907 25
199545017696346 25
190747038395477 25
7242114627882 25
202396200213506 25
266198202267191 25
22774670087588 25
192275628584972 25
47382584032590 25
245872926790426 25
104769724069660 25
20301247156812 25
107317088518449 25
186916601139540 25
161756993770548 25
128470264695224 25
87914898365649 25
178440582414665 25
148758668765351 19
106987914266144 25
266772739399723 25
183020288279982 25
33329661960730 25
119605112639928 25
205230070075075 25
267225566950441 25
43415069710253 25
144283118107940 25
11836456401087 25
167097298349440 25
96386982604155 25
31483869439621 25
244377881919465 30
48941194742843 25
216947839472843 26
138667960212340 26
279587869455931 26
111952456567173 26
228197727239506 26
163994270500622 26
140790222092682 26
96329235259886 26
164689090473900 26
280010890175372 26
162429432004801 26
254643912262101 26
183966797304632 26
81276844773088 26
107167172468284 26
214280031018342 26
272959907501364 26
195488465634425 26
271272644682836 26
98681781715872 26
176181920449508 26
264073489205601 26
247863497459142 26
110686149516953 26
3139871493708 26
80227386863336 26
847543048833 26
181764217638063 26
257286808643951 26
196466218648751 27
217536031492675 26
210601712727346 26
212370934139199 26
40878011099367 26
206327585318076 26
112237444370615 26
44157352742025 26
50236873918675 57
4130547738659 26
120162269205410 26
187795373711081 26
16516640267832 26
74058162762105 26
28480529320381 26
89987418331924 26
51885769985881 26
209353963620817 26
142622056043275 26
167730337509264 26
149837767262086 26
172226878204070 26
107323130614215 26
20620899286224 26
14296831062839 26
64671230787175 27
269423638794469 27
279278850451605 27
139567782129094 27
71007195775328 27
80439902952825 27
43019808522103 27
83149936677092 27
280527173361785 27
239028126559827 27
133942183425115 27
31886058952156 27
260256472872100 27
167753630807347 27
130303092625170 27
138147321208784 27
196501588666434 27
261800040691790 27
133818097255260 27
129634989700858 27
202871165365923 27
101813717601689 27
75412752486311 27
144508481736058 27
67390842838611 27
219970117929803 27
47139360867779 27
146141091479346 27
65153345899206 27
27014348414753 27
226822113093143 27
174272807831620 27
4589441582854 27
16378508654660 27
183803259131596 27
139331569606784 27
130682630743353 27
63009664071656 27
20577026222676 27
13335432799122 27
181084758445156 27
103007514453700 27
260450542147049 27
269556731390780 27
28999076859032 27
221129010842585 27
217637106528076 14
62356244104655 27
62873880257305 31
113279596473640 27
143214428659275 27
157848766408448 27
135676627035980 27
281021318939455 27
48714264616549 27
63266807889780 27
188811348791107 27
43485012384727 27
104903945450927 27
130318703285813 4
100977033299632 12
1627299150085 47
229472038102134 28
229469259056155 28
179616119842046 28
240941583393229 28
46099527581218 28
244809644327006 28
101708637178909 28
13268499344534 28
172039721504558 28
99401027507781 9
207170360770976 28
52620477749785 28
63076866904562 56
207675648005184 28
88055353347055 27
92308335427826 28
91554690077786 28
217793197654942 28
120036596531855 9
27423047550382 28
53495223414782 28
118455869897613 28
172219609202742 28
251920449527572 4
144870390037432 56
162864320092138 28
262451943094307 12
190158825060096 28
233184868152458 28
219958032888638 26
140745888883567 28
174296277635676 4
81371433040098 28
192749775019645 9
173792592683136 28
263526744554140 28
100945010394070 28
2146171572341 26
28257346829004 28
151327498465547 9
220426299270429 28
264283853602595 28
168661937153479 28
235793602658399 26
264488931992161 56
119053142855493 9
68889425894033 28
136984268951832 12
143353222984235 28
140808148904537 4
253589528693478 28
256589604489062 28
172244043874616 28
240531696535189 6
134328997113371 4
33766215894376 28
67934640036178 28
96417793199406 28
47299128693810 4
98466682544394 4
202374420610571 28
85463949717462 28
22100195490512 29
4385839744651 46
223316102283294 29
246204889513685 29
15930628332448 29
35103895599978 29
255103096071921 29
101549531048975 29
175563356545324 14
220594971462108 29
83878954122557 29
157628511024286 46
266843917997577 46
111053539279835 46
205818905957702 46
159641015413877 46
193656032967724 29
241819637252825 29
161846493005873 29
189798393742505 29
34945675258260 29
257399069334797 14
261571818031249 46
266053492244661 57
278844161222680 29
108558816585347 29
156143912326441 17
20978519506334 7
235902698900224 17
4914955849883 29
78624533157539 29
12170831890459 46
73376194544932 46
241449987006935 29
42919081463273 46
276563276660694 30
262425083681434 46
182993435347647 29
109702549853658 29
246802806755088 19
120785630786480 30
45838841816083 30
47343797535655 30
156468945564928 30
3586683631361 30
132790594153936 30
87445810829765 30
264729089738960 32
171458931265162 30
196390425428554 30
270357908129885 30
245917818402506 30
109012794955892 30
261535809464502 30
163120235789367 30
279078834385582 30
34604806825787 50
272089673954209 30
129492749440574 30
251546337468942 30
251447557467519 30
130372324002964 30
27393924791166 30
185523509061913 30
27396099468987 30
216169026769956 30
242164827238470 30
206603299718147 30
234009785988888 30
154958764017389 30
139484275732920 30
216350866946658 30
187278592339998 30
133131690776280 30
3121103280347 30
170536583562 32
272482829541725 30
148267123642363 30
87650086728882 30
105619821480477 30
117179590378192 30
275955842133932 30
23815105279951 30
193796337558881 30
23354514128470 30
9357046114761 30
255146052991556 30
103617802361457 30
122812113236720 30
272194073854409 30
175294950113698 49
29900094908627 30
173068889732857 30
276826717067503 30
38321028001650 30
257958920928648 30
8521134542182 30
32726605443786 30
54907477813055 30
268926708569389 30
89183291206653 30
199276983597373 30
72809719160089 30
201232803994676 30
276750926684760 30
152292342903784 30
247549925039934 30
109360950052255 30
225511528053719 30
27286693869718 30
42877150724312 30
201768454688477 30
259802136166869 30
153827660061853 30
194652916262249 30
97523363458236 30
119876680520360 30
248878149890928 30
13624896942416 30
258972961505433 30
125079476395694 30
147423432324778 30
197877386133758 27
60461262454823 31
232300673972684 31
142074954964533 31
239147499271203 14
109842853279477 31
121064024249473 31
269658921613348 31
211788286435927 31
148376128338680 21
120273744127021 31
72866816234618 31
146382368156705 31
92553982033659 31
70335259147880 31
122097518250306 6
140323268831090 27
60838885889985 31
144311728405166 14
23098157986527 14
27034189663579 35
71080346306499 27
155443138152019 31
18880984905852 31
108123451099364 31
155314067098079 31
9212073370168 14
44039432096407 31
194127514638227 48
186308731400080 31
170777704911626 31
124203255477483 31
240497666535507 27
226924345565563 31
19749066398881 31
17266968794807 31
22261671311501 31
278194099064560 27
55762482510264 31
131375514824236 50
85024181061702 31
56039214277228 31
116897755089160 31
127604035119649 27
57545617240191 31
174483760360636 31
179531823891729 48
185517916847296 31
52495466761536 31
248425964675926 31
223969289335951 31
2850984094634 31
57977941996476 31
56992336613010 31
255681698878172 31
187171696701835 48
80942155351686 31
224476043026021 31
107935382980183 31
225869451401805 31
85279140704425 31
256214894149291 27
69541177188538 32
231802202954890 32
100818057551738 32
159138507467902 32
194062839241809 32
82671037191657 32
54282992590554 32
241639889037579 32
137185021333611 32
244466532118482 32
79055432532302 32
110351709686007 32
157308389018925 32
93602041364335 32
39683998357121 32
239848081487295 32
185957988389516 19
262315448174672 32
29356311046068 32
202558209976368 32
119738215936179 32
72378591084162 32
249073368002301 32
249240955250789 32
232470972702837 32
75973639206818 32
160122818891362 32
68051230226881 9
245580629164613 32
36717363301334 32
82747520835302 32
102467530060743 32
146015949610463 32
140900144139457 32
7566541773930 32
181980378995106 32
105069721832250 32
209531563873316 32
273201440887784 32
109135016740008 32
165465778600534 32
127258902976813 32
68395311904318 32
208369349804786 32
148534689408601 32
10232188722579 32
242462353187975 19
39318703563838 32
255683612888275 32
208966117826833 32
68359683412626 32
68317975019605 32
197514799111285 32
69638539271468 32
227490842724507 32
218224979095527 32
264640452621475 32
126095685500508 32
243831712688838 32
245940219322354 32
210740196682553 32
51168272987139 32
45902446479467 32
29162650282361 32
96607116736305 32
280207364628018 32
261428106780564 32
30290787022669 32
252997669023461 32
68070125579198 32
166316977299934 32
251035978110106 32
64718823846872 32
191954494500734 32
58126045488727 32
82021674824179 32
22545465180314 32
15665915744838 32
163161655272100 32
277895728665078 32
203021953295353 32
234541585638942 32
138717932569638 32
147730055945046 32
78542363025592 32
90717145327149 32
105514065494293 32
49327362580570 32
198853408873160 32
62733365566285 32
47318340543027 32
120848054984819 32
242901076557996 32
198988671255994 33
37144130842182 33
9063368066528 33
162760712106616 33
108384106635866 33
71410872759134 33
226757229534403 33
270978012197950 48
251278731285418 33
144340551392905 33
167533773569527 33
90753997399573 33
108604195910934 33
129083696121892 33
90991945103752 33
228539728713989 33
247697775784666 33
277315792215148 33
8992339922673 33
109111532900365 33
180491056759677 33
56152240545100 33
186956870536782 33
75392260266297 33
272951313737400 33
97364498568138 33
262131092924287 33
21464297448102 33
190054703508408 33
235428532635174 33
97682689491550 33
162382449285973 33
79152534912990 33
232584106017191 33
266940722832787 33
277047034858829 33
39308306976372 33
185721602776148 49
119224629534621 33
228178908894728 33
135754568232538 33
79312189712628 33
183817902679847 33
117753929395737 33
165389847713711 33
208152313001978 33
42352703394739 33
240786418720206 33
71315892330722 33
249439207849008 33
44412244267415 33
208440589598108 33
133921176055092 33
236959998773181 33
33672081592782 33
170347690900143 28
205612765904524 33
124697303354236 33
281342443471521 28
140934373456284 33
273567937791411 33
77727947294125 33
103864090437700 33
119993190683562 33
175805456683445 33
255453775587169 33
211769322784631 33
229197961064646 33
180630715992826 33
207554400409535 33
71683351779913 33
252055883177670 33
205941747424961 33
246720536405931 33
162239764049878 33
15877516538382 33
86429047528588 33
255199188795415 33
78272540726907 32
223714722733044 33
226931758909591 34
164898198609407 21
167833636465200 34
244397379285332 34
69806378869318 60
21111503047202 34
92111469817440 34
213465946404882 35
27305358670844 34
204922966624579 41
116573936943523 34
52310529798915 34
66452410625303 34
216003907608925 34
1847841853496 7
77931251791535 25
71389080382706 34
155537001871794 34
57479219629413 34
225399290817484 34
181618995737071 34
136100065615160 34
188082862509084 34
192293638404276 34
186485719338974 34
208827926746939 60
167706534907550 34
90427574091811 34
141093921306135 34
57760944420283 14
124142643877932 60
215326700735608 41
2833492437 41
153199453104255 34
176161578095050 34
114322790360217 34
253364755648591 34
3545611627819 34
75762822859921 64
167776203552349 34
223597691765679 34
209872388405521 60
14544798389134 34
205589451720148 34
183328450112687 14
98572439135805 34
140252701293830 16
91496563153990 35
228229709560136 35
136745742481482 35
74673676848355 35
75710771034955 14
26529517364960 35
143596390067527 35
65694331336867 35
218242422209144 25
113040665635447 35
43678019807546 35
38349414350417 35
59476880945256 35
199414692188581 35
24762544487503 35
26143067628017 35
118199333957443 35
230160187663070 54
80266433716407 35
46777482561783 35
196073046493728 47
40601044604753 35
132728842530900 55
172796935374894 54
154158528584748 35
214938884359344 35
248801562132114 35
208051592403979 35
87159430528307 35
54337750786682 35
241246165566601 60
155016715195901 35
51353813021095 35
82806986056179 16
47684386746470 39
53367732420526 35
44530640719293 64
224034095250749 35
105865288513163 54
103229490395494 16
48915067300497 35
84266348798876 35
162664752453448 35
69686341193261 35
13689189886039 55
37520170994436 54
38128828417503 50
247428313115716 35
55922022549005 35
257390225501658 35
38133179734054 7
221438593912360 35
226939429386522 35
11690942392597 54
268221068013662 35
51314619131586 3
257553350331033 8
225516063657354 35
160144802525131 50
20447897330144 35
200055942372319 64
54467608938869 35
92171219083780 36
72774402581243 36
279397217440313 36
73598884704941 36
278374597033210 36
33214806530642 36
273213990260075 36
128040970215984 36
118534917719641 36
82368090699464 36
20540703134449 36
54173794279121 36
14242628513429 36
254643096235073 36
108245814385713 36
13384166857803 36
64949832379637 36
218164922747917 36
189011271758613 36
247698468203997 36
80265234564111 36
248684031166171 36
189535201253265 36
133789937491796 36
205120791518644 36
144994651709866 36
211526513796243 36
81281339162769 36
34941575086154 36
55013238630669 36
115708606750478 36
14177963359116 36
180514477682769 36
217521366211808 36
112467499705166 36
251630387652518 36
50636213021865 36
265674200163754 36
103125019681040 36
120370221986837 36
272573280197169 36
67506085651178 12
166658619696410 14
147830862317058 36
25050817248897 36
30037763091 36
215027599461756 36
35678765101438 36
199126062706912 36
210879960035452 36
131274384205107 36
204709330875130 36
217694020320609 36
36795041781131 36
240694839994066 36
96559309166515 6
118443504997498 36
164570988642551 36
21117684117853 37
129086221821852 37
19364569292695 37
65240523839516 37
91713981338096 37
239138743578269 37
80925266596834 37
158429923082192 37
54147284395951 37
10316357719065 37
119904469962816 37
140054028140119 37
46764431356775 37
122622744368729 37
281100806781795 37
146171665359718 37
89207564846629 37
227362566050678 37
262913068693994 37
271673293514184 37
222701071352043 24
105578276579723 37
126780914670594 33
41093925341825 37
55897739971465 37
89723672631383 37
101598471726126 37
35012368451753 37
116684481498043 44
77726674023082 37
108818820780026 37
85808726628466 37
2330660025261 37
268250279768883 37
140666045154029 37
26017887659812 37
220131860048619 37
50314067403024 37
87032561022242 37
172805478802801 37
12815565048099 37
40008710763177 37
91102026018552 33
114712443667256 37
87003970468581 37
205639351074007 37
197163331351658 37
162741147392836 37
7135084906835 37
46251988772426 33
76401161688199 37
55429481411494 37
20920032986312 37
132802149237367 37
183137495679569 37
65114894208071 37
281128881122703 37
106931821401004 37
254711998106786 33
76906503524131 37
192434948375463 38
159276446141175 38
200328674049956 38
262014707319255 38
34456394962711 38
1416663251562 38
143738548125341 38
18924257997220 38
35345520233880 38
57906284832760 38
269839322759593 38
21047190230856 38
64702260419232 7
256011188522701 38
45435086843015 38
260024480529106 38
249177846773409 38
829845492555 38
148473026492634 38
192408330368079 38
160314141952182 38
276705320164002 38
36491047500476 38
12050268749523 38
161762903953629 38
192350257439853 38
246225517146859 38
145561992947745 38
273999268481400 38
25976538829138 38
43391491926002 38
236438677008727 38
151473778716369 38
137309382989707 38
229554901149706 38
238196869181903 38
85870568386632 38
4663643095222 38
164601904104643 38
98185617745290 38
211639931737215 38
77842355985378 38
178743052603290 38
158717288757824 38
7581176263263 38
97999516981475 38
221253747430681 38
257050981689350 38
123649099972326 38
161176964745459 38
155662538586220 38
252461009277339 38
158337470478736 38
125516336589354 38
51079050377398 39
278282531670438 55
194722168775341 39
20495634680553 39
127989616383656 18
212863098721022 39
156181206660443 39
1764676316942 39
18768980659273 39
238833354503006 35
30773342650270 39
177264218810744 39
261320585228599 39
255731896604987 39
5564053612136 39
157877526880676 14
12888121794629 39
129562654452891 39
128647650238995 39
212862287368921 39
161416503815960 39
223770073717384 39
207110316526299 39
172373310974789 39
213868624289273 39
87503201980534 28
72699029665253 39
208325971653111 39
126276319903781 39
164045457633895 39
3384493122532 24
76377921050008 39
195819049519612 39
41505203647599 14
131452611798017 39
175415713713829 40
128912636715462 40
148078303992168 40
193933758925936 40
16286320770102 40
3693770484850 40
32396462985934 40
135063414848930 40
164685701821562 40
201684671851248 40
69703660096842 40
53903457716252 40
114926852935105 40
261250251318678 62
134580384084245 40
235453724093996 40
35536170916208 40
237257357930632 40
278562230220037 46
185544889252605 40
280819765134403 40
135045407259420 40
101413814113371 40
239984710237807 40
64038769655079 41
130875638317071 41
18242293474643 41
262822720516248 27
212017875299389 41
74027110880915 41
201328767283664 41
76801439752026 41
35416597192704 41
217054073758626 0
157363908072088 41
123346119124506 41
101434974812951 41
79751808676015 41
21392850017954 41
276983549370480 41
176504419049455 41
94170710993482 41
22205071107685 41
4791483713720 0
230926728111093 41
142389106325554 41
113295922796580 41
47117735517738 41
236583357389223 0
233666502770854 41
271695174886451 41
82977960656329 61
102842965878059 41
133415604075388 41
234923779245371 41
233239106544294 41
280041447872366 41
104478267638705 55
224669277057971 41
162754603253599 41
187865894508233 41
72172493427838 41
238091758713480 60
269028941112865 27
135752559950364 41
158243993131331 41
13060374910986 41
256346341207786 61
235522151132429 41
72291215594238 42
125483158601804 42
64279458460098 42
211528781825493 42
199052306949560 42
68208613813167 42
188353118078057 5
227506734651445 42
261196228511039 42
85603453221177 42
16155657612829 42
230681358516515 42
138557952439221 42
16123237641147 42
269252410723769 42
114344993200059 42
126821572936615 42
23388669074720 42
163109835398588 42
27429065437934 42
218079059383057 42
119097262465505 42
278522535541705 42
181612615751069 46
141915841376090 42
261193069700689 42
185054574289495 15
93963557400294 42
30591642996476 42
133793895017940 42
119095275452040 42
96811722808790 42
248468307987479 42
66258541586446 42
266494843618702 42
139670434480821 42
222011347506399 42
219019124727491 42
116367347355480 42
200002987400380 42
21426174425400 42
225625725271259 46
275974833139668 42
171917432186942 42
203886546033796 42
53150116475290 42
203413928110291 42
8953663088464 42
22001031482422 42
268878038067991 42
33070310813629 42
166733154317084 42
137060927029311 42
202054207832306 42
206589724304610 42
135111558660931 42
206832709221069 42
227152276447255 42
99184955481957 42
207042419008782 42
221759728054077 42
255400426575932 42
104675646287896 42
117394581879562 42
116200651484422 42
280276603859942 42
93002099963523 42
193051180034391 42
156294615249154 42
101875271200972 42
264762842538001 42
166474775396964 42
205182206476521 42
105663720641076 42
246524918872238 42
10821586601324 43
195069771478571 43
61832665354310 43
137559923947991 43
42506613703067 43
2513656312535 43
176339554293560 43
59782176483681 28
247678155901788 43
251880887394784 43
103143006807897 43
157588473389001 43
274412522525161 43
164810340136104 43
249411545755014 43
232101380763393 43
239257072719792 43
128544600679036 43
65684103663944 43
247577063368854 43
271101591475168 43
123494472674379 43
129467160596481 43
4962449643883 43
2508618080130 43
165655099678655 43
99768123299364 43
64978422866646 43
92569546923022 43
61713005794340 43
103086327336794 43
4500353107614 43
48782281765963 43
266763458444651 43
77178739684593 43
49487135168397 43
157791411571739 43
120979770853914 43
59440228750402 43
126431725025469 43
274648550445984 43
1022997499465 43
261431642052201 43
22520679466486 43
241172647874042 43
237679477206075 43
182372014379318 44
56217793429557 44
230954511395295 44
232956692217522 44
236625951891732 44
53171682406885 44
242634209939931 44
222028672828647 44
128468665196134 44
208951283015962 37
115797282461097 44
85302376843532 44
229394906298035 44
61884330239627 44
65706888633126 44
274084935582480 44
76413135364014 44
146034985479588 44
61546227403192 37
67125454637251 44
170340611464938 44
84726821661891 44
28742130662691 44
76509070369472 44
254131591116163 44
139380548137712 44
121060097568084 44
100820415126711 44
179292179865396 44
36149415191166 44
60434720752995 44
45119263363782 44
40463209332601 44
179006174119697 44
163124438192687 14
253770354027755 44
211095170112226 44
256748405872481 44
46224055626979 44
41384366654538 44
209295255617322 44
79054172011343 44
35494739455225 44
120952989601892 44
81289289040057 44
155279123582217 44
129095560877409 44
229881434073605 44
54109874486079 44
147951852525236 44
8490535286870 44
22103854465594 44
106215738953350 44
154231271136227 44
139110521965832 44
266746291027703 44
86376468997437 44
80704462081153 44
244837121212151 44
230851675527542 44
194073601734678 44
190050980390197 44
125842237548523 44
24333241907686 44
218018343241460 44
120365342510772 44
83325666766438 44
17547432301865 44
209072833756106 44
201978676522118 44
161632243601761 44
74466903491616 44
40642240925137 44
162197408129595 44
1585174640101 44
80890141117303 51
247516025088662 45
141642771907331 14
239286627278605 14
149961115020671 60
78663487297099 64
147320437890791 14
218258341527115 60
151006385318401 14
85245744996742 14
170674722174353 45
76040950196803 50
2642049549378 14
78266817215034 35
261164258493619 27
199844444006123 17
202746705065994 14
9391664699951 14
25765473838297 27
176159898112713 14
184265461626904 7
59826549952796 41
269726651944569 7
103802503505567 14
19040237367209 64
66994579308930 14
122494110499905 50
250412653753685 2
274029696972386 12
252032868180607 14
261648657185185 14
252146472095510 64
186093192796360 14
61013236069951 14
171258003481495 16
209306105839603 27
182296857670605 14
146132572443702 46
85569062277964 46
238965512892673 61
248178695938073 46
67867413748216 59
102423423430968 46
119214539584415 46
9999765268003 50
130629357268879 46
219017337828374 21
87764934732225 4
201483115655704 50
193937046150521 46
70898313296267 42
59014076621275 46
16415744062949 46
137648392928797 46
100883292835107 46
251907162231438 46
277263258088149 7
14070492341605 46
125550913601503 46
41073557991448 46
47696078890852 7
265547478863509 46
260665075005008 46
33259880992241 46
219105555141048 46
175641086385150 46
17426751714812 46
14115610483564 46
128015625642809 46
118705240237590 46
180459206002076 46
258606901709858 52
214561598023421 46
42494115735818 27
236192302080427 46
221229676843560 46
127571119728821 46
9674199306292 46
88689934229311 46
155666270832185 46
205340365656659 46
260898922616766 46
206968868908310 25
144889346231069 46
183416480123355 46
18568271981303 46
142059899931431 64
231400146296351 46
49810323137372 46
6414955536999 46
58676356308430 46
81917756956604 46
137345326002745 46
192913519083940 46
195536386953970 46
69314494741701 46
3081583809089 46
162769679632491 46
174146442639820 46
240873063974537 46
11539074344947 46
252798279714414 46
252664265032840 46
99087508923530 46
152519985099565 46
112862677293403 46
259345722810687 46
94370722703492 46
72802853781717 46
213033536686037 46
281398508548212 46
34276134992440 47
253735717145873 47
79037851211775 47
10981389808140 47
25535803247197 47
128228952529236 47
121923227674259 47
246184998160704 47
199239671452746 47
70590980542967 47
49061138802803 47
200099855293659 47
258842377757794 47
228845198588679 47
100142453009437 47
267722813758121 47
57092053857419 47
52271254252502 47
105364996488076 47
207405176464943 47
3642432271315 47
195187603681203 47
173480671366267 47
251536951319554 47
31314179386057 47
57201266626338 47
35239112073538 47
171432477856616 47
102583336835492 47
281175295336236 47
131717765281301 47
59350402311335 47
20703652724025 47
220257386348458 47
43273596317205 47
163335446890202 47
270950559521754 47
99576366417878 47
196768164407171 47
104723888081271 47
207517741141516 47
133999936629968 47
169981458311319 47
195943023952912 47
121133217743266 47
112774756696303 47
112005524001109 47
161439872484930 47
215626906806590 47
121461480938457 47
175685928831431 47
136952687070719 47
171040703528642 47
208198420837520 47
59603373243593 47
123177397979529 47
72289784765982 47
92522431126025 47
31585448141470 47
241949275764261 47
62536933889314 47
162038619635987 47
135599083989476 47
88552174933879 47
141796955145951 47
262475509546693 47
200119259370854 47
36424061482293 47
169860516421621 47
50119108015635 47
79348919651374 47
70126854640286 47
43586895278416 47
187612681013053 47
107108538316212 47
170335130087492 47
97346548929221 47
1949212527533 47
25485860025741 47
219235121355294 47
69179755743451 47
81723990336735 47
15332075639796 47
153835694419851 47
175032028372435 47
253730615053584 47
41581314723046 47
5683894537346 47
248603161126009 47
151697287744618 47
76436298674203 48
118256502985280 14
147361057626765 48
213167611375354 48
174627777756304 48
185467313854412 48
26466481881984 48
93154532825994 48
30134329149847 48
165135189630517 48
80086961508454 48
233867868596286 48
224459305640644 48
181481221763588 48
165381948073977 48
51646049593326 48
261505420572098 48
18649824170849 48
202440889640956 48
149552218978915 48
232755230533460 48
145635810368015 48
38855993079222 48
211213859293901 48
82984940401694 48
268677495770528 43
141354414808155 48
92539024990376 48
158053663469386 48
32845831888474 48
34139110754905 48
104464674665776 48
163327141887375 48
147423709292164 48
51983152620101 48
202115355072277 48
197417399635020 48
267839537443837 48
191921885660051 48
221149994980574 48
25662890824420 48
143564080524728 48
168223975628369 48
83252525414592 48
98348904274056 48
200657310094750 48
1735773531391 48
277483969122663 48
201182593476074 48
3587968253615 48
74065062424784 48
158975024962404 48
44988256883449 48
61183340975328 48
222767467326136 48
22531682904333 48
118095867322343 48
224960410143252 48
178090763907265 48
85701098822647 48
134914218773102 48
217063137768155 48
174978473105070 49
8185670727904 49
5972960671563 49
146773632259421 49
25729997817635 49
15387376929318 49
77254758527561 49
253826248314182 49
249775567624306 49
245485557375470 49
271569746257761 12
128633608503986 49
126252118321914 49
162674866493097 49
80301942484694 49
235217997277285 49
274521174055762 49
179119624068877 49
264908564723215 49
137909475192106 49
226037638361789 49
128357135728073 49
58165252185381 49
138059513889976 49
101465379776497 49
27923455218881 49
87637425337261 49
1267317743993 49
99152553848482 49
97865140854039 49
45447225165791 49
231904746308679 49
69421605630219 49
45305269275543 49
122710711630361 49
224755547227010 49
91195616565079 49
186281355550639 49
136221418895530 49
163598951669580 49
139819800648262 49
131407247100232 49
173295177443165 49
29882839147244 49
184364257083994 49
124153305750438 49
144855844864367 49
38521815078050 49
155909167699748 49
75300404331612 49
279959161114893 49
207633918194195 49
128086159660360 49
23878684241120 49
212513315181016 28
186263567158218 49
163034350902796 49
224747896390314 49
141584071414096 3
146021822714501 49
50650697779094 49
26719394668218 49
30879683749395 49
260854298793249 49
197308801542013 49
183407326209840 49
250695490803460 49
108091764866381 50
141908922637801 50
8541641386022 50
114184270310436 50
52116578596167 50
197950953800425 50
152293043198702 50
244231142795185 50
59663026342652 50
8755189753246 50
189820885364240 50
25395429669524 50
258272980416330 50
154324449815042 50
210629745915286 50
171715240711007 50
218295021016502 50
54977223575336 50
205341004643607 50
152554567977657 50
60709866188916 50
116697801666762 50
59499804005840 50
210812985710343 50
53027611325325 50
11268954495039 50
244383111411733 50
7551947095174 50
120733972553656 50
182410137798477 50
4092851014877 50
129495245242552 50
20963480314834 50
185957619326241 50
226606726105262 50
236399572208358 50
266355706151362 50
10239176220920 50
276702291249287 50
39375745088722 50
34837277675366 50
200912545715360 50
37894620054892 50
66993665065169 50
215974800948775 50
158982466859345 50
72992029894348 50
1064043311584 50
238431768192957 50
79725417219755 50
87657827221287 50
66977084396223 50
110748758291196 50
214936607656865 50
220338602746419 50
245963194661184 50
183566712873639 50
215947641097737 50
108553015581773 50
9832131604449 50
170254265986357 50
162878551183908 50
1384642019152 50
202427221610495 50
52668286840702 50
112843774735143 50
84841088261603 50
124833255051463 50
193229380309907 50
9740923780057 51
269991939014482 51
218173236379002 51
172496258403123 51
133744922287461 51
127788820577319 51
273971587716246 51
201968315838849 51
107215021748084 23
133630154186359 23
85985459700245 51
64371540113311 51
29803382792402 23
159515153553498 51
270694975963191 51
62662044092649 51
235941106546067 51
56495393493405 23
174364880123354 51
124841541242164 51
232908013311311 51
132847282753328 23
130716879231685 23
241557468577887 51
94588897364149 51
230746251747839 23
236844804319861 51
155695490219678 51
158435235958232 51
12478122498616 51
31655123707667 51
52046486228345 51
185682875778509 51
119415116210083 23
232941892681210 51
133588213659294 51
208359922474935 51
222157071880660 51
157986638685217 51
141615203596066 51
122432484447972 51
120298475960105 51
25855718783306 51
206158415712665 51
279580460992275 51
248966148526230 51
82930247917074 51
97003727923430 51
32478638916089 51
42077724718687 51
64218810163876 23
207429087426567 51
270535079724042 51
141027095863179 23
59321059113920 51
249269506630888 23
27515334101212 51
254621605104375 51
173037698007076 51
133943913735026 51
217217642134421 51
272123062921635 51
218131138041405 51
87315802917083 51
203807862099082 51
98322322354 51
137978967405506 23
109315147152850 51
179273709271319 51
176841980141766 51
110714555084740 51
157366959553814 51
34240973890128 52
259444752598388 52
91249052365263 52
23807612857940 52
100002516803645 52
184533264636770 52
211325632500784 52
257292844808674 52
1738880391992 52
225394583341932 52
119460892797434 52
35134756726157 52
89147471118480 52
166208601211786 52
73629072023003 52
150363896834911 52
202574653108853 52
43281619541554 60
87346323492379 52
204783434110176 52
25168810104484 52
271605821380571 52
119641118922873 52
174308510098746 52
206701361424895 52
34149842444142 42
161629019806783 52
267055883036887 52
53492955081865 52
119521670025941 52
11903413394357 52
186030993452671 52
152787670769324 52
252049881364513 52
119551224424535 52
107982811779163 52
256238256728415 52
6110772827554 52
117143416924483 52
45168819856453 52
120002191571135 52
159792048786446 52
17422740638960 52
29948125046466 60
34462465243443 52
65027270572434 52
142361269283161 52
1690280597152 52
126134997237197 53
71260384710291 53
179047709961239 53
69796409654202 53
186753211361901 53
165989595226230 53
155745047868941 53
50355108330584 53
94690202967604 53
223517122155701 53
263459851501984 53
68161843602129 53
78856246281229 53
121430649407798 53
257603774103375 53
239480067042559 53
223109193923782 53
186830719959469 53
176344855059105 53
262809316717139 53
139584259033834 53
225537303140224 53
22143200058335 53
30395646190797 53
36633545091865 53
83722463228757 53
263980034241711 50
43818983465362 53
205232530780909 53
203046022735117 53
69945944885904 53
207036102794310 53
137063725389016 53
230520290030035 53
189557515663596 53
248893718290989 53
48279548241418 53
142090934248828 53
219735249147109 53
208741667078419 53
275212712786204 53
195772362634178 53
43828794946978 53
15151749226330 53
229998115545084 53
113190776724242 53
92603896564292 53
68268673907037 53
183795820740039 53
183088664763772 53
67422187973495 53
259769250081348 53
223712975789810 53
190375430038474 53
73147678533841 53
51252434381816 53
226180233859396 53
9142960562726 53
104355261268055 53
89583941721956 53
245767197303428 53
1050140858599 53
105582979147437 53
44970732612449 53
168426427669580 53
80711607397178 53
247080029906150 53
160681952476171 53
99698227974132 53
20089282365789 53
152660461255335 53
253555326081267 53
210626771020494 53
199923661159596 53
88564944087966 53
59043667523205 53
162131937954011 53
69256114069410 53
48979730174858 53
47138607690147 53
43189951749883 53
662735886413 53
193023245050470 53
46278343594598 53
273984684936423 53
113580291064122 53
176341491776977 53
198344980421073 53
24547599619839 53
218139623299932 53
189562343923612 53
174913913201993 53
38906346040817 53
219431372776879 23
233628365364729 54
159486737961906 35
185149341709355 54
146947572655885 35
61430064259594 60
161849916237320 54
175810416135551 54
195879594150315 54
116676745777831 54
26746382466939 54
41939436062048 35
170764775034435 60
25770059432157 54
33972397620047 47
205759344685178 35
269024901317826 54
28859260102775 64
82255442312181 64
68744841472860 54
113663525249724 35
50101823505932 54
201859588515728 54
261565333666762 54
130270041008728 54
248044136475002 35
1490939533265 54
25779316350570 54
208545954661876 54
254781122323035 1
77990457938025 54
18973025487846 54
122579979548531 27
51411215705305 54
239398445990382 54
232743236129459 54
213576157699326 35
152661077961769 54
162446355593597 54
164059436064475 54
150732461855508 16
156612044202216 54
88824797762730 54
124050700049749 54
140236287185335 54
112291040693500 54
56382552634780 48
273437609473556 6
231732530256968 54
105614756174342 54
185152569835703 6
143323525793482 7
234963531768856 54
127954718205401 54
92200026232844 54
106187188496321 54
11194985256242 54
19118537515561 54
66160638657407 54
255823512547625 55
261506271628872 55
237521418310570 55
163825056499717 55
250019006863601 55
82928038929919 55
210418126387580 55
150001212161365 55
255524610093165 55
34593090429791 55
75030045227269 55
129678850415866 55
157998379082022 55
269822860507687 55
63355065618325 55
204747413311141 55
199731172766990 55
185432631770280 55
264459613815107 55
59361503735271 55
133989388692867 55
22605194524995 55
190883631276032 55
99721061042478 55
131183152979274 55
115977718845460 55
123215675071111 55
219282246461536 55
236326768275808 55
32943822127987 55
25931531619642 55
152048583107923 55
170136033177535 55
264827902825316 55
264342224048600 55
130395965451187 55
122304208083909 55
113517267417514 55
143591931698973 55
190429806362328 55
150766010073949 55
162826848717019 55
48706549226502 55
27431516750950 55
150050836884760 55
193190432626305 55
49041032663854 55
271902844384677 55
117880149343600 55
138700011809667 55
171784065621661 55
25827998484181 55
78042248345184 55
50125938472291 55
52036706484393 55
99391120553344 55
80946354538471 55
61357465224622 55
182038307277333 55
172561217849529 55
203615138779427 55
203942267243139 55
186366193473022 55
30595260346997 55
254147267623017 55
205022311086652 55
188524196599657 55
238823766534685 55
27505664247017 55
96556782799580 55
7853606622281 55
85555076908932 56
128336023385331 56
250578762500411 56
107506323517021 56
266095827078565 56
132979946706255 56
97629654214951 56
73778730333430 18
252250549344317 56
76875033193559 56
35941473745745 56
200689229994856 56
9228807345958 28
5678876532267 56
233531653847823 56
17420767394935 64
209309798599629 56
90230398143099 56
88975134924005 56
164660324548451 56
139852966272916 56
22464782378206 28
242516409367097 56
125914760752872 56
103490318932394 56
238774967131612 28
189555676642689 56
240484403192857 47
91361153672740 56
155777991748332 56
229853719988059 56
265618982274119 56
78027207620800 56
34445589409123 56
85548995094794 56
72289870455428 28
171696831325536 56
118094716432294 56
188720139861688 56
28821013293256 56
243522328476732 56
9632666216202 22
193770781334135 56
217818902165510 56
203914084272052 56
68004989799180 56
52972529660784 56
96266539928267 57
30037862896599 57
84039958432927 57
131734199229735 3
218622787747865 57
108994849859281 57
242830640281936 57
3447279889925 57
237849394699407 57
245436144159771 57
142561908480141 57
230606321696348 57
226219351350414 57
278592453757764 57
44702198596472 57
264169705251274 57
275426876250102 63
202739469538643 47
196224916085526 57
18209993284017 57
20738183610337 57
112122843906688 57
159732923631369 57
112874368052035 57
89870705500981 57
159026805741135 57
153038435100135 57
182333988033706 57
137299014965348 57
61952358491043 57
209814710442806 57
3954674721849 57
106479938775541 57
280069200365827 57
164826194051508 57
97400848049543 57
270250198324396 57
118348945883122 57
238698019387154 51
74906333047646 18
49523007913474 57
30468560476377 57
114525712813963 57
240869219789901 57
4152062289686 57
206080259825664 57
275721704048519 57
12910963348233 57
227765751578369 57
174028579086274 57
116697235334865 57
117690983910972 3
21567713254637 57
225298462598089 57
75399826279275 57
69568650205047 57
184141052744469 57
184987624077311 57
135471119957872 57
28532427534393 57
221914731596489 57
264304313871586 57
67850646480015 57
17214808036426 57
174490979695811 57
79821805817473 18
159648057619169 57
95462281695302 58
243534949638612 58
121787687788066 58
171566598148370 52
19868453789954 58
243984512824183 58
145301782936877 58
35108756039159 58
217744889809602 52
191078682970081 58
186260921158123 58
59623890854425 58
83454100643748 58
25665259584025 58
7202441269852 58
38083772450352 58
103443930168725 58
189266772294700 58
87222539246505 58
77178660331264 58
252192149760498 58
250769363783476 58
134605303147003 58
138778349791753 58
7125045649445 58
231410152681420 58
183644759858968 61
116603219573702 60
30667877491017 58
82510973292967 58
207304320004120 59
73477061767167 21
23618123087887 59
104047286349658 59
65840551999676 59
66098951744878 21
129603121006885 7
229951282749036 3
162507185825156 2
52033470075500 59
232696073607474 59
158453676217255 59
11027390618161 59
7065033533563 59
162107331779327 59
71448047078471 2
245591205747415 59
111860542347541 59
136376841288272 59
178982375462470 59
111690188745975 59
210321639409581 59
271968981981201 60
104436526155186 2
168600399104032 59
44967821177681 42
237997276490969 59
186528195656758 2
74569082817004 2
169027318007279 59
77877316145652 59
191335725519720 59
190248342842792 59
187100453843268 59
16448585909890 55
107484501203469 59
279907462997144 21
81445276058633 59
36782670182946 21
186436502965608 24
208111052724376 59
57248898590509 21
155293345788026 59
276635285500626 59
243297420806683 59
206116781977985 59
203002287950990 59
192302808515678 59
218909786582582 21
246932835509408 59
238393251904211 59
182285607358491 59
124877798253236 59
192054784170410 2
176697083244951 2
278609405360221 59
26952927699391 2
105737412987210 60
221607896010719 47
254002936055652 60
222719191323041 60
67496800968956 47
141082234112513 46
46806040108913 60
267832898784843 60
115872507420975 60
200406078656663 6
166735861929971 50
57392686297673 60
134751358698982 60
258676067420841 60
51375996668936 60
91083296542014 60
5338237987233 60
123050608981071 60
102979777411765 60
120580231339429 60
202960523379983 60
108338572611208 60
226624975575037 60
92976793441845 60
55158390986293 60
216663917362768 60
81648919482516 60
102677121951476 18
270416408225988 60
233847825029992 60
170393761003770 60
170875594563154 60
164051763684583 18
37084789999009 60
59128403825306 60
119139122471965 60
123945169928072 60
63644087293653 21
57370763769301 60
50914618478057 60
33871647213809 50
96882368359553 60
153532613691203 60
142783815055667 60
215241224022158 50
93299136325933 60
194941085556380 60
207405680371655 47
38477230515982 50
157838543767044 18
66122413314372 60
242969403846910 60
19423238053749 60
172175231595038 61
76249623608819 61
38828270094474 61
111003606606768 61
128085250842533 61
45888867138752 61
263660263686688 61
126088444180594 61
57395762559309 61
59090140702226 61
174833326802209 61
144179266583400 61
195774177198245 61
276424936237101 61
132508193114566 61
141008545932138 61
116637267499735 61
23556139831577 61
88934487660130 61
229437276196986 61
108424723336031 61
209824478862830 61
87027771499134 61
274532952269572 61
149266161838333 61
234282398470412 61
190908255982672 61
220183810291912 61
281467245241897 61
162305779413348 61
154875359016013 61
137161438818459 61
170145644050432 61
150715235609227 61
44854087851109 61
126887907574415 61
69426603879050 61
36389094799929 61
100941965954477 61
215854935955938 61
44751887456231 61
194915333146699 61
69920322006306 61
4522832782657 61
223249603537433 61
131298586525612 61
230281102496292 61
30428944990742 61
266066606512393 61
141049605296288 61
186083121699977 61
123361555337799 61
272111437497545 61
212032414823005 61
12581382564889 41
39075696053510 61
8985375195499 61
269333341647658 61
200439506420243 61
41478947938613 61
90707874983963 61
107067353204980 61
169797860426636 61
118307278001519 61
185191914349799 61
242709430418076 61
250733476648335 61
214616260543241 61
158677224585919 61
130852791466984 61
166019611583127 61
21742060996904 61
141820077924069 61
213199518297411 61
56968644925085 61
68214796466782 61
238226363805964 61
38823008392657 62
252128222529088 62
187426641556513 62
63498930729421 62
166173638829980 62
55302076001854 7
40014264600623 62
44951071839932 62
19694542881015 10
137978489208347 62
136794674673351 40
212130940643594 62
243756988602444 53
131419431931007 62
277069376097405 62
241117257678136 62
207150543997510 62
250307268712084 40
45393695156839 62
45334041498888 10
58008524815109 62
63484260585697 62
86521592564548 62
15568957362839 60
139846752105969 62
69134556945180 62
224923582077235 63
231448343573730 62
108344329252329 62
211830082778871 62
153293160422150 62
182415765310653 62
32740737779557 62
19804161671962 62
215476830948710 62
140385610730390 62
67020454277313 62
230300986633195 62
12816404806126 62
204307827200845 61
252576606813847 62
99615075248286 62
239696084987011 62
33935236862777 40
112927180951130 62
270764829574286 62
67805654908188 62
64352536351861 62
64115020535394 62
4909586139206 62
123283727899018 62
78580183607133 62
203804070281074 62
45984580455706 62
135458689789775 62
84015366094726 62
31815088199419 62
271225847471775 62
196564282054142 63
187304717340155 63
231924054589521 63
216273269130881 63
186266458095099 63
132959761341172 63
238565690575933 63
115654945620286 63
229185141854410 63
135531487753303 63
169274925094298 63
122245691174784 63
23244409700439 63
251256992481770 63
246559698011408 63
143055139214105 63
77656114681129 63
232391485015112 63
162521845635719 63
264349448528253 63
104895107474957 63
66684105171592 63
275556334519840 63
275318558804592 63
116912773847111 63
81273102667777 63
163902404760608 63
185973629773947 63
118638136293565 63
90329705492026 63
199868358240159 63
278732798108120 63
46119119021278 63
142715668877449 63
127342208575309 63
155793509753974 63
107315744650518 63
182242476813649 63
200798863796651 63
100825060748243 63
207102010549251 63
1237539034370 63
68687169946663 63
95558524251054 63
234413360931529 63
94662234530371 5
76333206151554 63
132886060950397 63
9865291466122 63
149259083377974 63
50507522183232 63
194628012784474 63
175256703353729 63
45017872642533 63
201748563631958 63
273373156785954 5
234451966481705 63
268378413492145 63
250367926557957 63
273101846869326 63
63936183966459 63
184016703382191 63
63564985642215 63
148588373318259 63
263113410784296 63
183151850513013 63
22007327759031 63
31104645213560 63
130458761017484 63
276140615354911 64
99051523029768 41
93002529940558 17
67432470495007 64
142128861481788 27
232095602572955 64
265185414912182 64
46668394927223 27
124497837873039 27
41994424620316 14
191870700806139 64
195954252959374 14
243064921583723 64
256821807974403 27
167565710265067 64
88718330113026 27
121293262131165 14
