190825998213182 0
121986393761752 0
206646674077067 0
185652324634458 16
84746024673429 0
274535085614915 0
48203969493825 0
34378251562181 0
114043409900081 0
86915261025699 0
19075244439593 0
143481156403512 0
101734506227953 0
4042784601199 0
116418325173394 0
238237488872239 0
55687358297526 0
171580269587824 0
193001097563861 0
149459593077931 0
143708627081645 0
39463916326834 0
33502407260464 0
56699885863082 0
158317916802106 11
58860441191235 21
142100613108680 24
12628743543789 0
168501984101703 0
109569374221257 0
63810806959203 0
215081803302012 0
73893322148819 0
105654517881117 0
229768604197236 0
14576158034352 0
14950280516941 0
234398429852423 0
69251513249077 0
214449983341305 0
263753399008346 0
84724357450538 0
148717002388659 1
209066222214337 1
958008134711 1
208807269423903 1
31820929785844 1
174196061505776 1
122718299859073 1
60200628660938 19
29013829871266 1
141146629454202 1
104431059693263 1
196114288677134 1
271486733050263 1
132699389054305 1
152747443981842 1
270403862638743 1
239179804548046 1
18885306446028 1
217286559553731 1
195583039371640 1
93174582331850 1
61169314955705 1
272195766016004 1
165923368315109 1
211425256906377 1
129636401676588 1
46406852635051 1
223845499021468 1
130153371375986 1
867150906576 1
192281290746274 1
62987690982127 1
112698752666602 1
173147863943248 1
238787680253412 1
270648386287929 2
199874363680374 2
60316568264113 2
194631064786575 2
40414068862481 59
100494166923163 59
268287628064551 2
49856625640181 2
16331281225692 46
219500040393265 2
143108346351814 2
86000608510699 21
163709530364628 2
158485185952547 2
72575052233580 2
221766741282992 2
91797055233645 2
265713173073849 2
75758555129912 2
219165281596424 2
190477622307139 2
279289671615995 2
178251710745777 2
94067336113689 2
57609713696029 2
264053425037053 2
36512771293476 2
154768122413639 2
181117060969831 2
63436865380711 2
42146121957002 2
137304105351780 2
157366353217883 2
230379840277904 2
140383860468694 2
87295017107121 2
265728310709353 2
66072469944824 2
84400266824802 2
279656067754005 2
189996151664510 2
229901429937706 2
78034839967903 2
108348067335691 2
160800114248174 2
65495693074411 2
176641481313416 59
279130261070217 2
71074736457590 2
55563639133062 2
74975271428786 2
266249291648905 2
250253338726971 45
181485244943071 2
172563435253716 2
142672374457373 59
39010894060851 2
70223879708803 0
86627176720869 2
209367536118009 2
91036389284786 2
159442815679949 45
87018460262520 2
46681943339573 2
124449051209021 2
66228993990204 2
79697088097939 35
137436962649891 2
234459745686306 2
134482233134380 2
203773650689117 2
234702632239529 2
217476144929992 2
274226678301102 42
60817085531808 2
174134162294104 2
139522736702026 2
93699590720712 2
241047294755595 46
241112331699085 2
185456012789357 2
263293654129283 2
221040137321645 2
277940363568890 2
152222131872828 2
74980029554755 2
81824477800630 2
208183180728443 2
225547473129889 2
118529377045069 2
156760760046258 46
230556052284311 2
276923861354568 2
188781108611999 3
263842372993758 3
110365596039344 3
52225055178943 3
214640036252863 3
2456520768549 3
246701782354516 3
254686650726821 3
244363312589035 3
33581912095446 3
271557051508708 3
269449945123586 3
148160560420239 3
273056535527543 3
249515533574722 14
101315013390574 3
27329601856397 3
154485393112797 3
62628853116483 3
229286775673213 3
233707086411514 3
86950717617214 3
135815965865561 3
103317475021482 21
177295021660499 3
245781390266400 3
137174796482530 3
240584666949284 3
100790139933570 3
161805857561844 3
6180456328223 3
101302646182008 3
232960423201227 3
24661961527087 3
273963932357757 3
263189809732178 3
278508972773806 3
226401747888286 3
117326161628116 3
247133990355926 3
32976504943550 3
225685760635632 3
30838665348283 3
17552526500743 3
84970010909827 3
280436815699768 3
33144722740490 28
75770749053472 4
49595749881499 4
42886771682868 4
107613509548200 28
36272701154694 4
78723795351483 28
227252282172751 4
82797214834372 41
236582994895415 56
45999311966830 4
11094402784841 28
86782788066218 35
59514283393733 4
150209478880369 28
162984455054096 4
256226885239733 35
52832428486285 35
184283384602257 4
273316761316079 4
64477596598219 28
40639852563773 28
220756509315697 4
24954396779155 4
193228633484853 28
274072029548188 54
269027503060359 4
144655971488067 4
217082553554050 4
103500141629214 28
129720103041483 4
260920640154414 4
148215192160808 28
150034031194415 4
156197656805503 28
179130959416944 28
207926961816088 4
167586142539119 26
249014632632956 28
193006797068933 4
277949271092751 4
170826073801861 56
47779123971761 4
29221272359927 56
3954783858496 20
4146138714132 28
160700224102710 54
195986242338332 4
74908065675354 28
210863406707766 35
183880489754651 4
56166578702778 35
77936549236321 28
81498927418113 4
226064572004735 4
7447510908932 1
37595762809222 4
165539550239067 28
89662144288218 28
158087083335761 4
216613535323999 28
67902028115262 56
1294687021033 4
46847585505320 4
194668751462912 4
267575148952750 35
40409517622137 57
254703702970341 4
199223101355605 28
167960736674178 4
72060247823150 4
247631318980643 54
204132800122139 28
82018063085608 4
18330515458211 4
22030320794289 26
162917810841288 4
241113934712197 56
135167843340561 28
110133745035307 4
176864307444889 4
185707478687294 1
147471835081695 4
118015491499832 4
6041787413523 28
229168553763448 4
78945555940779 28
155909890434764 4
123563799971092 4
261864690757623 56
122772642553873 4
90363134757258 28
40332794096941 4
262102580301165 5
65704217208693 5
112210785206625 5
117755049584869 5
75095919765107 5
38009741216385 5
206103954106232 5
144431540819646 5
117711220503299 5
133274236190336 42
83251178963044 5
4683267823959 5
279201644791203 5
36923332596614 5
199426778427124 5
243909207734895 5
208295430010380 5
245530785307687 5
84042415490795 5
254533946508931 5
65518326963977 5
56768155193417 5
251007356137539 5
261278013723085 5
122064432121427 5
126450200487217 5
191645320371742 5
75958978371807 5
116713793215398 42
60538930883142 5
53443353511881 5
220983414180589 5
260147267214728 5
87066140423720 42
274272940106597 63
3577644509076 6
278432534513134 6
78307086545653 6
217704861934514 20
169483709615398 6
274100714473376 6
61283407856526 6
115934963301221 6
87218366694924 6
37615087345557 6
88108719604545 6
159616879036221 6
248946720511402 54
191098530045627 6
238855848389818 6
261737970137556 33
39010708763119 6
122945765765605 6
35828671010195 6
92888386294810 6
221669616298223 6
93688015391311 6
32768676955018 5
21807653987329 6
166705399620429 6
280599910767203 6
203984637857725 6
131948664531407 6
26379918544075 6
169050829306013 6
203255396963315 6
106963695589093 6
210858199700304 6
219619690795802 28
231275425815910 6
123251859317368 54
76759779403276 7
187086981373154 35
155254549460016 7
30947002784192 35
57792966681208 7
168937712117403 7
213662410872875 19
14729286881480 1
10874572071117 21
233373526311559 39
58527401976361 29
78525243842418 7
270275011696876 35
102051347470310 46
192125809565185 35
37785288885981 3
236243463233209 7
173087156928959 19
94504910371718 7
136601390072084 7
232557210990132 15
119725762300851 7
87132785098837 7
210367468608604 35
67749538920650 35
49535430893789 7
34307557832166 7
98744375697846 7
21119023593641 7
166417369633940 35
63582437742207 35
84446337032672 7
203976854095337 7
88451970918971 39
74931165871632 7
9879183107246 35
180830502628030 7
36551588689708 7
264230400169971 7
89450338022432 35
96253746566744 7
98211697150597 7
118074375370566 7
114990818212152 7
220043793114196 19
164893695749943 54
43925856977758 39
44955358295913 35
269756705728790 7
90318062810309 7
33207664109883 35
50782352796248 7
44357372838484 7
48741304891999 7
124585605906771 7
172391158494974 35
224329435454429 19
78208836592932 35
53217229584975 7
256869978792265 14
195129369616986 7
141656869275138 13
280056263505818 7
144954373334805 35
157201289514135 7
112157925137418 35
224878660848508 35
42489137134691 7
50573323142327 46
91496593911086 54
72032235816260 7
218225548882742 29
78644256802192 7
107841759934443 35
89373904124922 45
251773229183042 7
222890874357347 7
16419648246083 7
43688605138310 34
225601572495779 17
222271030698221 45
101150426091704 7
902452764975 54
276560365521925 7
127218552205111 35
49914110263822 7
255526123503933 7
262904509339820 39
127408168319170 7
121756461026625 21
57713811700056 1
130987554533851 29
129404772731435 8
8595252965787 54
179073299505828 8
119917957841304 1
32187851451995 8
77970079601485 8
181871973378635 8
162261639921036 8
174425826772968 8
98101859681363 8
34164955438911 8
112887578005056 8
123204020872802 8
161032863496153 8
274528684800598 8
49780398964816 8
104372687469373 8
94870905902098 64
166471009059777 35
5332739899132 39
34100517669209 8
217128543046638 8
97882491200608 8
279094041618522 8
218145990414488 35
236300519753267 8
242873997392623 30
216132045386732 8
176309908540031 8
159109223997676 8
93036922930490 8
170748224389278 8
213820791412991 8
189653703067626 8
119378316085277 35
102578441373851 8
163744001957010 4
253230231400194 4
166765630319337 4
252777787227306 35
23913290371121 4
65779199328788 12
14114826299286 4
114041977843069 4
277839267906139 4
139343244761408 4
45009015016962 4
206662749049499 4
195185520730744 4
173280515470800 4
50802667787910 4
247277771961888 4
190466480324096 4
14596793800804 4
203080450469249 4
221324320196920 4
10976616980039 4
135966145856110 9
38358678871925 4
106941033316133 4
269299568648131 9
189858917131682 4
149139401600566 4
78907429303964 4
116218837859858 4
201351037176452 4
24773381289088 4
146570019077966 4
189309093708852 20
126360378417280 9
90914759980071 4
37623268053575 4
56464725684641 4
9504044006184 4
67666727726272 4
78094195677511 4
88095780970404 4
136989093256591 4
190709398514707 4
179055913734979 4
153064899429084 4
273568773861218 4
246919867134112 4
36966239420084 12
154475144354143 12
215491524849231 4
110618625631191 4
258375294485961 4
187794388619081 4
3641185033697 4
33781892898807 4
227212747415807 4
261616628447163 12
221112061346357 4
27003440021100 4
86784188741312 4
104465130989954 4
149852540705369 35
137711130663509 45
52778921238930 4
77152454693880 22
230665048314951 4
4246500144068 4
147260600485940 4
191873893902683 4
255446549250761 4
270200479617586 4
66173514276643 4
105747000623465 4
95882471999649 28
51065956190720 4
210482978062459 4
229071056225378 9
25136049159120 4
194736651517194 4
222062075580093 4
114999474713611 12
100345085893323 4
103328636460169 4
94459039257873 4
5911001073171 4
218713697379228 4
124766132432471 9
180868140885932 4
252312990146876 4
95401152600897 4
55616875127215 9
43932569751445 4
53762771728537 4
145553433752362 10
15792681568681 10
160045398880249 10
143589280976384 10
236874108882485 10
216325004434251 10
52471483437322 10
83986321868521 10
155667597809607 10
65403255395267 10
206736188493273 10
244003544908453 10
206106035947633 10
217449302051406 10
248040478859287 10
24558433391772 10
24723284412450 10
71337606462304 10
193679535709435 10
273828560441671 10
115429887950838 21
275908643381702 10
173803011918590 10
156958266501095 10
177351794450860 21
102899775766766 10
70330771032583 10
194301999810575 10
30942334387587 10
137739449591455 10
175015038726953 10
174846621364296 10
193917861544196 10
112343548435270 10
126833090763800 11
223909160229202 11
50342658896446 11
104497294953403 11
106072971779706 11
69843211747927 11
72702489827711 11
101548798019945 11
281159171586875 11
66450316510234 11
54735505880753 11
141807445832101 11
162584898936893 45
201260659595138 11
7998533370477 11
44766876146472 11
134857099920312 11
75604106545806 11
23586984886558 11
144412658391877 11
99117110963907 11
155747179423941 11
229164360152976 11
148547542063219 11
35192721132303 11
171929102359167 11
82348183976031 11
82255280116773 28
189167792347888 11
65743574343619 11
214348558367567 11
51142886217826 11
226960591481739 11
73298511170968 11
101325674159269 11
57964978359507 11
49423217214606 56
232021910401485 11
157816899306618 11
117072538468117 11
260365048380379 11
62173501369243 11
257023197325520 11
15848833054911 11
17647674324333 11
167416105764931 11
194908790074538 11
50502629272894 11
12546801199155 11
239641273836195 11
235701156260826 11
254664983510588 11
64011877636409 11
232653389084833 11
137885175630240 5
181944225959850 11
134388356010176 11
95099644767882 11
220752062404305 11
254813024999407 11
237075719836956 11
117778483534771 11
4442704360395 11
15417770999714 35
29652726540140 11
131831646544696 11
172734600483804 11
196742836568130 11
122218583883003 11
121946291018416 11
37857923478685 11
32328044383168 11
277070001070188 11
205789910200193 11
120123671368645 11
136041112468343 11
33915953109870 11
68244157160032 11
67650647681228 11
246158467061801 11
37723101965173 11
249665140405293 11
129205481279397 11
24185254315809 11
34751629004968 11
47978804741792 11
157930783542621 11
229288244336630 11
273867866260623 11
34038413390636 11
26162052871980 11
103461575670638 11
202117683410555 11
149845246406953 12
139384112526138 12
206756581926646 12
72569885214517 12
272052854918147 28
267757447351640 12
268494285861167 12
161143527621001 12
45032634254165 12
204920454546482 12
124564486455997 12
89019989200376 12
50548178233176 12
107931817026835 12
93537629664272 4
125443748128561 12
69924415942996 4
13828660692881 4
30480014193817 12
118395565568277 12
11629749549030 12
128536540751315 12
107975476893635 12
65055110996144 12
113146244255135 12
164238709488161 12
73254376477307 12
235904594707900 12
226212007298950 12
266872085118483 12
87125926818867 4
29306488443690 12
41318571554805 12
112258315847235 26
107662331170563 12
100585822981708 4
158921752866522 12
206390243399289 12
107007780200570 12
240093785697670 12
96960969638257 12
146944424752238 12
146681785960177 20
279666198344551 12
236364938027832 4
276792576421506 12
252801850106529 4
164903074342073 4
153969988170331 12
189479529143884 12
109286974637304 12
11637321954162 12
237058414450546 35
71853844379787 12
223082077994489 12
38277604445344 4
196449321378321 12
99622693455583 12
175768764635993 12
3940292832997 12
212410400779198 12
8787139642103 12
257740293462042 12
30472664327386 12
121140177283629 4
167027570666337 12
107103942787748 12
59705887969078 12
209323498999622 54
62836928635150 12
247467132033398 12
147635832951262 12
16504442156284 12
198326473733171 12
144278604586926 12
195666681144835 12
116655350776066 12
181791326310322 12
244639669085417 12
161303108810816 12
124795336312536 12
219666568364438 12
206801432852438 4
180086204950544 12
256870833965100 28
129779717127548 12
82851786999281 35
134278289972808 12
206437659920276 4
221530181361643 4
220433325285616 12
91230588774969 35
213284169104042 12
234314979182785 13
129828550277875 13
231636328092760 13
93878937637453 13
121409063594769 13
97450390083536 13
71878473431496 13
66850430863325 13
51795673953177 13
266441483874168 13
209270428881799 13
209803774413863 13
103998680043973 13
241598841101159 13
238917836379724 13
105561816869966 13
11209153473776 13
210998252494282 13
167423231279906 35
172368246841510 13
277569149825434 13
165668045666530 13
57056699412297 13
238620479204202 13
49085372365441 13
206900778430755 13
32633747335258 13
138345153425377 13
246342247380566 13
200852031442529 13
155750494242522 13
278275313695641 13
69417868633338 29
99766504395584 13
3480501405963 14
29603611858437 14
228456674567553 35
210698722492713 14
33554377370200 14
277276394423483 14
92340024660952 14
185272133443017 11
58036057864992 14
192663845881192 45
6349471358857 45
167595256050299 14
163309698654043 14
111682263391163 14
267046782858705 14
64611407043247 14
60256961946614 45
33144557508647 14
218325129697459 14
100685155783821 14
114606358006294 14
118746296508106 14
89807927535063 14
21719130264091 14
47490409596828 14
181132314066218 14
25989944708518 20
158229082074276 14
197820990939942 30
173224527118808 14
212884378363167 14
100987538923377 14
161483345099195 14
218197491370754 14
162464103168063 45
59166566280293 14
249754609102573 14
243693829590990 14
263835082948736 14
233291246010940 14
208149724935440 14
96712964445994 45
55473040327603 14
160976571099166 14
96742038124861 45
265059427028604 45
222430232748743 45
22864642920121 14
160790646417784 45
229701752747937 14
119410758435225 14
271029355220469 14
243179539940179 14
173171599835383 45
25598484110494 14
68856492688386 14
80905490188756 14
200376197345746 14
121664469461326 14
169683770196014 14
270143164068270 14
111453423790464 54
172181811135885 45
129730488312069 20
240341102678472 14
170461567140256 14
65285946644328 14
264724401723644 35
119300164011911 14
234424151962797 45
76148898293517 14
66255433130175 14
74164030871956 14
232943402069137 31
131189278505962 14
275111044872321 27
28241947708131 14
129372620087446 14
262312728137090 20
57432147996355 14
78347094118805 14
2481215384253 14
179355714028885 20
27290490727913 14
18903953839908 14
274544181854178 14
198559143669180 14
149601946318759 14
228898978384808 46
70430846824840 14
31567448384550 45
240481652501350 14
29715154149958 14
35005940000206 15
112039120217237 39
203949601482062 15
123097504967898 15
243535431000069 15
111994709540399 15
180173606271438 15
219725988058106 15
183014770229712 39
97787514801306 15
140337181416796 15
142470740792541 15
101755481750999 15
153198507365482 15
71599587286204 15
174545189080599 15
231094073606550 15
37250069969363 15
143374302345327 15
172162160179992 15
277305935092404 28
209263565166860 15
73406940079118 15
3925485288512 15
94245252383171 15
154736280185491 15
114889080345406 15
115930849507703 15
124867275959524 15
217297511624982 15
45269822487872 15
248884041246798 32
230180956191177 15
261542512713928 15
176944378936674 15
545021217419 15
269165291642662 15
240525991170941 15
264323173715545 15
50187730534861 15
72110441806441 15
33105822038604 15
90122050294531 15
126333284522262 15
177631576174364 14
250746400687589 15
108630996103798 15
159168851555843 15
255650047032749 15
10243242563365 33
274034975442950 15
244481687122899 15
135814996571697 15
275491973962819 15
118257602852240 15
1426604546848 15
277153722228983 15
227217010586410 15
119091179581153 15
127156433629024 15
255262465151330 15
83664797926726 15
61062677515006 15
33144783178054 15
44877883696318 15
161035948842084 15
28174761762862 15
60832540114826 15
136074366999932 15
43000273403327 15
232027008558580 15
220272247797046 15
211442027831865 15
21866593574391 15
229862655296382 15
40032533771679 15
103011958404265 15
70121659155254 15
142405487562799 15
211575593815378 15
255377952951551 15
108779558344703 15
72757646026379 15
185897354619587 15
76980119999293 18
75107500468462 15
178768061738610 15
226161223834847 15
214971440835593 15
33803650646531 15
70461891897723 15
249989186242477 15
227237256423833 16
112917523800651 16
156013163810820 16
281404925063200 16
221619470332989 16
273070924025743 16
197591886969708 16
19599735588365 16
141673623433499 16
141566885706744 61
183974401357321 16
121581335616495 16
209200424138816 16
188389720180661 16
107316551168932 16
91721956182820 16
67299083933078 16
234757599227610 16
25495963193601 16
85299004340630 16
119149007597579 16
137936443575274 16
280076993576977 16
128260104990000 16
193774920268720 16
195099829052629 16
216861915588802 16
199211295117696 16
258338034353269 16
68870455563384 16
138393414076884 16
84505792529628 16
258835564019119 16
175708505929932 16
230000847214710 16
189110877753458 16
31253277184443 16
278357781758168 16
94905444911237 16
193779547118947 16
150258342634764 16
155654226016132 16
134964608691811 16
84669697247323 16
225577596869371 16
127040548707138 16
58122615191164 16
237466811130104 16
26575780750710 16
88097956936940 16
166632606641292 16
41513057384777 16
184358639972332 16
148053988420809 16
200885450536406 16
218675502151174 16
65371350104400 16
61515415114670 16
40420580769642 16
173820602409657 16
18206830612125 16
11220758076127 16
160316006318502 50
162762753431098 16
11843450777990 16
117157799788554 16
47156837481644 16
10714745763419 16
179767562981989 16
173903685516653 16
151608086649503 16
148131638426476 16
210096232106445 16
135142662627195 16
97789985369704 16
269379998321466 16
157143399295880 16
166152078259158 16
141942874579961 16
51930309222732 16
233730537523509 16
53422442642145 16
162665596881075 16
57283352867207 16
196140498925642 16
220127801152489 16
205053366397517 16
125349977607554 16
143435230724862 16
239365450405706 16
268431650795177 16
177782297174181 16
200322599357538 16
69594284519620 46
242446762675737 17
119751423254086 17
174172551525330 17
135502497531673 17
195761333196131 17
183915370904398 17
30714838113340 17
99299642672152 17
24890949159221 17
220672805864216 17
113707597704765 17
115871271469254 15
72469248200921 17
187102176599758 17
115475192225503 17
210517540748091 17
120523208978232 17
74476644772205 17
172631630578323 17
136382794897838 17
272326408765611 17
171316875104035 17
83694004702100 17
9039589097684 17
145088634773768 17
106861725767443 17
190709104338231 17
85648528461816 17
237229632784684 17
136264659935822 17
57035515435345 46
209543197962972 17
269737643598930 47
264607486082247 18
64394208551260 54
87244603128959 18
29907100695933 18
113025536033751 18
7693874645514 18
133710750812702 18
72456451271871 18
39675848032264 18
81741847824426 45
261763359066211 18
279807421757941 18
32443646046825 18
196355365242953 18
25053635173526 18
74949071592704 18
258755202054731 18
76542697893118 18
135445891743488 18
48481672033549 18
100332619225346 18
82533299643393 18
137744892343706 18
1426405982971 18
159757714169763 18
10449461393935 18
32566538935929 18
188947921896869 18
47765613623093 18
55985062076638 18
247361771254710 18
219073408419722 47
105628303391228 18
162704831705011 18
218720639279435 18
258528749385352 18
80392350355516 18
216132956381405 18
116336963658859 18
93622197002269 18
169401792836134 18
238219236909332 18
188035133890541 18
186438749466456 18
171295178025213 18
280346756818024 18
81258805774751 18
112248649772562 18
44282512001611 18
30326095791032 47
153389048711510 18
17647783971526 18
119669841714313 18
61186166572340 18
224845866409811 47
119825782603439 18
141344936166417 18
228453450235686 19
136641441080113 29
3583307566854 19
256223342633921 19
278283694259077 35
143206889827942 19
214051583717677 19
88855011630431 19
35998352914019 19
95764353714019 19
278402693632357 1
126119672930018 19
87219605773497 19
66247646386443 19
165635036366714 19
269811425010749 19
115405165633291 19
112992556784936 28
124364940971468 19
97946538061670 1
161815056567983 19
39900036763690 19
57703134878590 19
66552847024152 19
226897704200851 19
154637090640738 13
2012989088827 35
130755302367305 19
190771053912132 35
188294879470158 19
23143029005143 19
60761199792023 19
154892025994406 19
11018962142185 35
247791797820817 19
65444705140296 19
147369857822711 19
22086631597362 19
93991019149398 19
246502041524674 19
17370730235027 19
113084872968526 19
205229210800203 19
233559911883931 19
264782724170734 28
139808699591041 19
213361414967957 19
132565231549049 64
141161533744957 19
164677015870990 19
21285009469153 19
203076606391357 1
57184031904505 19
15488386189698 19
100908436284852 19
27419994169035 19
59312171567726 19
192311693692021 19
195977107664933 19
257533784707656 31
266231337676256 19
9803619278225 19
100694296550837 19
29007716886857 19
97415426618303 19
46099565850176 19
197589412041251 19
173370464412444 19
105286886006590 19
21224209654015 19
51569003393919 19
12278874785344 19
4265195863400 19
220093438673143 35
227237666596954 19
106642295418337 19
264631220319368 19
141372895481282 19
236286731273794 19
54236870330914 28
240078455868994 19
153727286548658 19
245017243509378 19
254120462648301 35
69203901423629 19
217710695870050 19
240632259808072 19
196148803963072 19
131983129967771 19
271074356116294 19
275370486951626 19
138712828128460 19
90376521777729 19
67002610143537 22
4418365341379 28
17160837332096 20
19806336092250 20
36540430917234 20
273483453808441 54
238812023677393 20
230537991695380 7
91709840983440 20
156883190462563 20
222590265775889 31
238944771203506 20
43083823143689 20
146629217106287 34
265632544516966 20
4906612655547 20
142399294138324 20
39192164735032 35
69219577513226 19
142192835105341 20
138732240262958 20
88783506010812 54
276004390159197 20
82714680128831 20
113404859140059 31
183275453642527 31
54993048638212 20
167962205855278 45
18961168678182 39
186756794679823 35
125776397848544 20
263368536916997 20
61268235959000 20
250006538247302 31
252367384149845 35
127335491113568 35
218336543018431 21
116388684848927 21
200784538978668 21
257898539265436 21
204408062891840 21
68408537674207 21
52345528834858 46
209695787886107 21
128298779648500 21
162146890516705 21
181990214160917 21
48213774250542 21
154141607737850 21
164987013282098 21
249312861323203 21
22424174297850 21
2290390658071 21
32995437914168 21
12444871368431 21
95494101761357 21
156823422835029 21
111682705366146 21
136814466508034 21
103466992324479 21
19909134077235 21
170996953226054 21
104243268341455 21
70096435547954 21
3610908447082 21
214597962974284 21
154840734232917 21
219200220969990 21
59154156780828 21
195604281371637 21
98299288939080 21
148836280082162 21
166612278937047 21
219462198865626 21
267632238042665 21
164183103700160 21
105297478405534 21
147915683736883 21
271807214033142 21
74335620418337 21
47151610029523 21
250323015666749 21
267350256742627 21
73628602470819 21
75768668960248 21
169409479371241 21
57897041619945 21
163486768245673 21
39301086333210 21
272202717489513 21
79379817964316 21
176095934954604 21
276703823183693 21
62364774862380 21
249462639181162 21
94359283473068 21
151312669709812 21
241070444184761 21
197358117034373 21
123537096267426 35
119954786440413 21
26174176458389 35
276068292955856 21
45988828985506 21
103578868675574 21
16424567012185 21
196480825829802 21
148061945163602 21
136836267899159 21
93497689361192 21
71222150100026 21
233377367818431 21
139482606922233 21
168242881210453 21
177969214962205 21
13004887984723 39
221976619252076 21
269164812689206 21
202129189167975 21
151648712011159 35
187010459877817 21
106712674624113 21
161945614718052 7
77338737162293 21
56491426239671 21
274263318020577 21
229198886136056 21
262650178448222 21
171168511165125 22
174154626097540 39
195755111573575 22
27921586614357 22
118513547321034 22
53147752731404 22
74781480233116 22
274164300645568 22
65701512951005 22
69872002099900 22
189320317266727 7
72876022320221 22
215191722755323 22
19693409130022 22
97461285657186 26
142909882467634 22
166891920829213 7
278549393095908 22
64258006410848 22
1885843497687 26
39526947146198 21
85646824582575 22
217023108005147 44
58616993669327 22
279602917476875 7
272816137993970 44
59357356863381 22
89919311297254 22
254400978658511 22
34144284858484 62
271044553158341 7
113653699314550 22
82241916198393 62
139710601857374 22
128181888777199 23
68689707424141 51
221230316022148 23
97838856559732 23
201418809130365 51
193713703484854 29
232930054911258 23
39222073922100 33
187109306931744 1
243295570960201 23
277698545393402 29
178358116802931 51
93277115167391 51
192157989915166 51
259281173852320 23
173800362536901 26
2611624349655 51
210513163663872 23
122155584464083 23
185013008753528 23
156054094722322 44
270712939173341 35
48425527351646 7
214591090757772 44
194496671332611 23
31972014536536 29
262453296464556 51
252595055395909 23
227093155102492 23
133638547305262 23
149381057242110 50
247596218774022 29
152728432835239 2
173646274814736 23
189989714959793 23
269187357950497 35
125163006072677 24
271425648218975 24
35343404210699 24
114411408188384 24
97343463747335 24
62697161792600 24
153496911230012 24
109992295655628 24
84216437965099 24
48578153749691 35
231794997893464 24
255783770199200 24
44314762972335 24
111048377156340 24
251315527124167 24
115657335240194 24
253159932588241 24
48347424053379 35
250530905370759 24
145311411856077 24
116457850249308 24
66131983869456 24
28390600218859 24
275234717787074 56
243512308133745 24
248560284796548 24
86036614509691 24
241717913025782 24
74160755707893 24
161485839546229 24
110597393393576 8
854987774386 28
161689506655596 24
9410883779675 24
108896281144934 24
251501946816400 24
137812376213838 7
58585172851931 24
145304777323659 24
227043784674796 24
10309475750253 24
78728091089374 24
36179222419383 24
263542851507960 24
68337387530625 24
264084820949008 24
183684114077084 24
148191370632490 24
36477765166587 24
200274866599854 24
246644835039584 24
132523222860613 24
280222830170837 4
75241720673896 24
110839003075287 24
5502208259840 56
191346965029788 24
189143012058787 24
192094023189487 24
57468437067370 24
168842452428497 24
198979559127217 24
127824213474772 24
81536104059711 24
163355070202884 24
187107941451293 24
228377737800721 24
189153140357870 24
280133265514093 56
52086909086692 24
201893030545858 24
31678252605545 24
262579926627787 24
166681995759024 24
128684253520212 24
184439434798873 24
146293618448867 24
159821170712754 24
13915542660882 24
24984221585327 24
129894480764641 35
128446997191580 24
220830863103257 24
175053571398936 24
178228578802614 24
37637608557209 24
53628930924300 24
187080509024070 54
39668873223 24
119086785924464 24
38736465433814 24
97971562796443 24
82930937143203 25
69029570014910 25
270429850301533 25
132835302163226 25
71593768996556 25
242277142532295 25
144366358920076 25
278512184902613 25
30397982002996 3
131931246611222 25
162595861908571 14
113546498236895 35
162177935280072 25
112323178837965 25
187850309590066 13
233450839435916 25
14203482372104 25
69803569166863 25
57256365029299 25
145632494170352 34
39919592731517 25
45966512379124 25
123954528272497 25
99854417001612 3
192956196006021 13
55441042344618 25
198506839060474 25
257808864031546 13
88931821717055 25
58455363833702 25
89589121061305 25
169146187176406 3
212604109999422 25
258478175674590 25
114595628024966 25
81185178636542 25
76807796956368 25
272055677139947 25
245384421477290 25
56241826537640 25
83286416883111 25
185381203244707 25
81765896927726 25
95342440313521 25
180723783132996 25
53837478114614 25
171760696923927 25
13055031150868 39
91765509452777 30
92749403777900 25
164562075900653 25
170017880741375 3
15802062839194 25
61163031463847 25
130077199014976 25
117989590016949 25
68128744207682 30
22059918065889 25
227105887413737 25
146674682229017 25
57059523614327 25
82695070509203 25
105105751453925 25
189995241175652 26
13558506358242 26
59211927799235 26
36202236573703 26
45964942651840 50
234258145387194 26
248058573904100 26
220221391986298 26
94161561219658 26
208964306860168 26
217707014616552 26
90744270762255 26
110300770584896 26
242388422788338 26
153095618862452 26
218309723564407 26
36006963783329 40
149598891287055 26
74102075653946 26
134235927030090 26
135540677536108 26
211388983155273 20
263769071987168 26
79688539045160 26
274565993516441 26
37205581759046 26
246354880546773 26
47519199878351 26
194774196011201 26
155982462100584 26
128732462989520 26
142204440367769 26
158867547818878 26
121168274850942 26
152311884963736 26
75234065137947 26
135152938725720 26
119243174341717 26
182840357196050 26
113537961359425 26
271742550266380 26
110309343606146 26
74738372361297 26
280906785683268 26
155312207500688 26
86429219856114 26
81795987597765 26
246602007277223 26
268201686429145 26
215484489376895 26
165064604902821 59
48496354657945 26
246619760391328 26
92379173910022 26
239291999693929 26
230190246636340 26
87875558415024 26
131515214308695 26
106186195592259 26
59764114698844 26
186882021499382 26
185318443225285 26
178097806898928 26
271693895325222 26
62177991701710 26
99133326887623 26
221762924094935 26
149626308227009 24
75409406155803 26
129568262413651 26
270990197042420 27
223517933393493 45
233091905825148 64
107905151365436 27
121674909366692 21
70825909994080 27
145266643488594 27
16929997540276 27
231619986361357 27
111694263912687 35
215528884281522 27
181248926904583 27
21834528887903 27
14378541770390 35
218546487244123 27
84545942664967 34
221312918156898 27
103144437909643 27
133837600590896 27
131532017335227 27
110053588330112 27
187618622838633 27
216809733915991 64
271109371255361 64
118371125392341 27
255878102207127 27
121714340321219 27
7037325982657 27
247140330519534 19
218821880332956 27
2214750249752 27
92828761193269 27
23540141897098 20
30014450489794 64
271182252519751 27
17301081479418 14
126090661002056 20
46473499390462 27
173994866484280 64
102811500975305 64
70349166783968 14
196149079444113 64
16578094440096 2
264076196119176 64
139973814723394 27
82033060752048 27
274294934229079 35
219629254295951 27
102726560772128 27
197273307761464 27
87490053571213 27
209269314872257 27
106759127568228 35
277646640688560 27
229424645003026 27
215386338859861 14
254332119600512 64
62887991775839 27
192686740227069 27
181959838792007 27
120643917075618 27
129721522035427 27
265693916148165 27
79937439183734 35
157156064442765 45
11441836113367 27
270539092612024 27
68874160812962 14
124933257057331 62
262982277220748 64
125658344273999 27
161791442596808 14
210971168353253 27
269644425499117 14
224044893913481 64
50253418684652 35
135915776675579 14
37558999107174 27
106329493436592 27
76907906974784 27
96301470276013 27
129090970858548 27
142686984325068 35
66113850429203 27
48697912493731 27
179233445795122 46
167073346935293 14
58105288574458 27
18656387460706 27
21691859130513 27
218598591265073 27
236304377773332 27
94425899072219 27
162442395425426 28
84899905819278 28
136351478327253 28
159687870036724 28
149467948060001 28
107006025009873 28
54225074590144 39
225262145890908 28
43430400706960 4
48646866695067 28
237424820186016 28
48494563117704 28
166790091613828 28
17017041608897 35
95539560082579 56
269717094925672 28
163543881508714 28
158881456615182 28
65840597874709 28
64648683976762 56
29715989245702 28
211191986064303 28
247371625774525 28
128401634020125 28
82313961153268 35
203455012982529 28
149784476012184 35
275455732734581 28
54494995895375 56
88751287140361 35
268134612750743 28
120241361318225 28
264615600394113 28
219147204881750 28
217928328743538 28
177868069204843 4
158327119814457 28
263331951093141 4
195772859784123 28
260555416750580 28
67238227467244 28
254430577674485 28
237139705914268 28
245234577346422 4
268711657209638 28
169635877118799 4
115249299203692 4
214173669293993 28
206487333530041 28
126785461309392 56
226992790437922 28
53662760333101 28
67592163186178 28
32724268352760 28
117858800534147 31
258348366709319 28
122518061827818 28
76107946575737 28
97198837676944 56
227855840728749 56
231500291462581 28
188757609114881 28
212754336787458 28
139962108553960 28
52981230245789 28
92057720631860 28
33995627426232 28
199915471330686 28
52029080234403 28
23786896322431 28
109481037292944 35
126042702563104 22
172232794139485 28
240187817684405 28
187387379070766 28
39562393080104 28
278348169354097 28
60714859465236 28
21904511271483 28
36712271167499 28
127667076994198 56
155855278991724 28
201321449549968 35
106933989867342 28
20743305987396 28
30814616314629 35
277872737638891 28
218458852783577 28
170232034822748 28
187958769155871 28
222284564839109 56
219280470475054 28
246108816221664 56
56444962354643 46
279279191201863 29
97158927151092 29
119289621995257 29
152985882644632 29
130444738281186 46
105899420232452 46
234009960766177 29
67854300055850 29
45572686786526 46
99886562422332 34
130231124617454 29
122566802200905 58
274077716720567 64
98496347347255 46
11553754776729 29
234181838039110 54
246802769668424 29
66437735342646 54
78553088569961 29
122420584443133 34
97948309266616 29
244066114141798 61
109406845926477 7
271194980793819 29
280794001717578 29
162038585185293 29
147529643443744 29
27165916517665 52
94629250337378 29
58831196807895 29
183538778324099 29
269337388022481 29
248343619056984 7
250722625739593 30
164757524425240 30
114949936787110 30
215185182793078 30
11565581613069 30
228293282020108 30
237917720315593 30
224206454970536 30
109076617608493 30
143689288209753 30
207410825614951 30
66291678069222 30
44155484849275 30
180716812225649 30
49332205245736 30
112286700503935 30
193447534321926 30
138303900747651 30
180447722663505 30
181626362989851 30
158943981866165 30
129611303181768 30
37228963210386 30
55142428716278 30
73017135269382 30
67478000197109 30
235816957670349 30
46592986460930 30
136465375939910 30
63029114520165 35
38354402503617 30
149981278785246 30
92914660180893 30
107597486754579 30
263297614951924 30
132886808601935 30
24298383487472 30
78089927400579 31
157211490654452 27
22160858728687 31
179384335454395 14
207383620504295 31
1311997107352 14
233534663354813 31
267833433385390 31
208209405655165 31
275746666269078 31
71432694848617 31
136771804958415 31
6261779541560 14
158420785430802 20
129489134092586 31
184384239210986 31
75861906066903 31
90680909848857 6
142353108195504 27
31093072655363 30
97570729615737 31
68113899126901 31
22948182810247 31
25774149666536 31
28697398763396 31
34641460813696 20
188739195108332 31
213114423273502 31
39691347821572 31
258363590661720 31
41986487583410 31
6235173447609 31
130655804087278 11
253165547624615 31
9883262925764 31
80482645887057 31
121828141726760 31
202610146236364 31
122674713981839 31
89826618887376 31
58860933486123 31
244825807266773 31
218350630706848 31
21952460691364 31
65485230881872 31
240976786615187 31
39745399882565 31
271563073003795 31
47735005926522 14
224513774474593 31
217009956174516 20
179619097431047 31
22834678993918 31
195054844654196 31
237648320326068 31
10108903264269 31
84432066283902 31
256633476200853 31
221030988939709 31
258670277448644 31
167750147928168 19
70813298361825 31
122820608725641 31
165652755193889 31
91414690756742 31
197178476018840 27
13867329768350 31
203146688100393 31
96319123899773 31
90618189998945 27
73783316915364 31
268516174239101 31
82031649565589 31
133677212666571 31
29890404226968 31
111205184071610 30
266571186590662 31
259189394525623 32
92582463186077 32
224184562250961 32
154806662602766 32
242931680158834 32
11505838856909 32
51996460896365 32
57605501468001 32
2926955287284 32
268818615923824 32
276393201483327 32
202089316205648 32
14093677502954 32
252360379987984 32
242521040594935 32
250784470659227 32
280250275383110 32
202382987163904 32
233433362859654 32
17481574549707 32
215027921410517 32
22619812936156 32
278649792112815 32
88187663171131 32
82880446595532 32
213894033654025 32
83490621119059 32
84494191022963 32
167357904052651 32
77915573064119 32
275827222119782 32
176730524779020 32
46314466361181 32
262476370903211 32
223531705419307 32
117678955855576 32
192089257111767 32
70122944341618 32
182644420775335 32
263485285755752 32
135446715499073 47
189597489075343 32
201892402630972 32
153856474680915 32
194361534848021 32
244459929667286 32
74003798866712 32
211426477949123 32
185540614731031 32
26412076430673 32
258009652580278 33
198388608280156 4
212146196874838 33
124958825456118 33
35328217233092 33
203138258579767 33
174486888255516 33
158763267188127 33
271249533765022 33
263482436484257 33
12440197627796 33
145562379622921 33
80331015556960 33
147171561512860 33
31100521600117 33
197719201146944 33
39381584322467 4
30624898600868 33
141097056383989 33
274223756615114 35
150513891405733 33
201427713278142 37
269797999620784 33
110560891101520 33
159794626523369 33
177955086034705 33
13789105146044 33
225728616579558 33
253490926947280 33
187805250899703 33
76700280098919 33
5421838711359 33
249794591054931 33
155514052039119 33
51300377209065 33
161821277697074 33
14478594115318 35
125387137477966 33
113898524653028 33
251274577265047 35
111392832803508 33
130336647504098 33
96245774154152 33
103269363509064 33
190461388239888 33
7856959673511 33
154551131274789 33
16725997796252 35
216329881096715 35
42981310179936 33
167836325071510 33
112863945465289 33
106200891660465 33
199796635405041 33
223806914769236 34
90111758017629 34
196534265806341 34
176164784382367 35
184770044901352 35
128292447165356 34
24795698492596 35
86609132422751 4
226992392113994 34
51471962286835 34
151526055750781 34
232719777490054 7
230258929353634 34
67278069889737 34
97510315543192 35
197194111737591 35
224712950031499 35
28010941419209 35
245571801842645 34
159899426284793 34
55108366203193 35
127114923231020 34
255751871928546 64
275737007314819 34
218008129039022 35
44028085715231 34
198841259497261 34
192703159451696 34
76433164751824 34
35460112223747 34
3426129279303 34
141897253587301 34
131335562820455 34
113497149806964 34
20325247032314 35
78726763792827 22
125074928353507 35
43772741496552 54
57643148502675 35
125597242465711 54
198877177450637 54
110286720639561 35
65014714194538 34
93972946435204 33
191782947184070 20
233030170582535 35
221914733511556 35
206093862968262 35
58433499339792 35
61649201711301 35
26603598387486 35
257160970298019 35
12045736732621 35
270430828797334 35
50712602639342 35
200479845513013 35
197804344245241 35
15610177250570 54
38656722457472 54
243043011710296 35
205472303735765 35
42746850684786 35
34529411996363 35
94452770473883 35
58386240917289 35
89428285434861 20
10729899079260 35
144755362684252 35
96989778583697 36
242501952429317 54
42518476475263 36
269446976170976 36
169805765391745 35
168736577613179 36
112064231842171 36
144194220780844 41
211884999415089 0
154571774885683 36
63156034493997 36
202115587370116 36
122705620055835 36
154104191630624 36
177421388058043 36
197842169286323 23
63168728298648 35
98890923380316 36
128500229438352 36
195238139971617 36
107540770194622 36
89023788148825 36
237582044433616 36
88427896650876 36
176195732739559 36
164723230682171 36
98525645637859 36
274880065947518 36
277421951547212 36
157409186445839 35
252028423393559 59
53943360738257 36
20192217640372 35
202477494324516 35
210578896275585 36
69506687773629 36
77303044588571 36
187820220070717 36
259625222110284 36
241957501076169 35
48152023276148 54
260078062475846 35
98203819833406 35
225835992285770 42
118110312416037 36
140727391600096 36
130436763239201 36
10515597713002 36
276218192311268 36
110169858217949 36
83261658646716 36
72919226463390 36
35297097307583 36
27141453217407 36
277651867342544 36
142096352992489 36
248871636840267 36
20273487560377 36
211074335304242 37
263297475526779 37
162567510930750 44
216269446138129 35
194102963857095 37
50500884112209 37
31954766515241 37
235164687005977 37
138566935707059 37
60360590058575 56
33610115640224 37
69004809433416 37
190336295202601 37
191749270780742 37
135891401976509 37
29837783637836 37
135497425014658 37
3005192715123 39
85977327716183 37
195330273658218 37
64112557177164 35
184028496301003 41
185944903236380 46
248230754510993 37
104651807341953 54
166708453946466 37
253807306113151 37
78269901974825 33
61934883330554 46
97373146326981 37
201327355738037 37
220915227765755 37
162624450349597 35
26190946386843 37
71649899302115 37
220727910811481 35
230849983265094 37
278915042635047 37
225958732052843 44
244690624996501 37
268461566836590 38
213688326072913 38
124646800406938 38
139308942720434 38
96559844080306 38
21646254814182 38
254754205016420 38
204796381468479 38
112891139903488 38
94296183437831 54
183267723463064 38
152732394060498 38
89858486185036 34
25491262935090 38
177792084753029 35
19546326925016 38
240818253819251 38
18801978798918 38
154180695663008 38
60761298390763 38
164223843785295 38
58332568582381 38
153671453032581 38
217533586226132 38
20591419628841 38
129813626724723 38
211901155612362 38
102406300880216 38
181574906705506 38
257017048328089 38
38952046393786 38
204206480411940 38
19603313294700 38
13193429743420 38
110864415616913 38
269954715200975 38
228363181708049 38
269695564115720 38
236090777990650 38
10700179442547 38
69378919261650 38
131335141288735 54
180526580164235 35
131355969080620 38
195227039180486 39
228516227490806 39
42559054510250 39
102803399193994 39
50129846513641 0
237997897436237 39
144856349115320 39
3314133382822 39
222085720096692 39
103489948638381 61
154260669717921 39
162525468331117 31
89687528122562 39
261146661833464 40
185156122935491 39
152855382458918 39
174686383725650 39
172331060375340 54
196141095571181 54
199456107472305 39
173119913583064 39
41132726276679 39
47502378468909 39
71900450055287 31
21360689602876 39
15068302670564 39
18745406250393 39
70936315121741 0
15935753665553 39
148181847614473 39
212471837320532 39
13489834083432 39
72149611966140 17
32670835216315 45
262854485418345 20
211453281117424 7
249268584401912 39
61762501704669 17
110470543632752 39
233915121909368 35
245569917759827 45
102276725087466 39
164929480652133 39
217440338608491 7
108247028594089 39
184942638108581 39
252532298098730 39
211889338881674 61
134449097733153 39
2278972744416 39
73471417973064 5
27570755454724 46
242202547459575 39
220115615991794 39
17527515095406 31
46704640787016 39
90938367500364 39
125777421262550 39
83870102347236 39
87384552132307 41
139266296224220 37
10886785999094 40
89905479926440 40
272020935358011 40
160342753896683 40
187543386294204 40
196797343863345 40
76728740728615 40
19532578780570 40
228264027029440 40
185878685623277 40
101682925125869 40
240397183643382 40
9985398112997 40
230149490002666 10
49372596196414 40
279866072618476 40
38429874676099 10
68945802800549 40
265198046953570 40
81799853023372 10
242450847590959 40
194852390556698 40
151709694672248 40
230859365074043 40
214869469249540 10
178807131007201 40
275073777930472 40
190674085029771 45
38210868457589 40
64010815208317 40
269000667603947 35
138874239747835 46
71027999089147 35
39690639137025 40
168149933632390 40
182725808770042 40
196951968767056 40
54515818918957 58
182749572145848 10
253317916422413 40
220850099254753 40
199873382100166 40
26636313839707 40
58031560864295 40
18747117476459 40
241210896093820 41
268619146735142 4
173458834295270 46
72226432124522 41
78007643075244 0
56062979284511 41
224545211503725 41
259285891939413 41
51628967650377 2
16466972334469 41
186234747401112 41
156314706352308 41
57688763537524 41
126320735669316 41
132726867651737 41
278490074050639 41
193265114707841 0
103008506723717 46
243176390908822 41
68399857054293 4
200468041560173 41
175086528722724 4
242972291663290 41
11761551382889 41
197158899959519 41
208684363353940 54
69989550295098 41
260317527419644 34
44089067468059 28
18998899347137 54
4490576231008 41
238067059557126 41
265119671754368 41
38106108583142 41
208184558745735 35
263398468718817 41
109020899061218 41
128445237607517 0
191845974423711 41
76720543700529 0
160295998462189 0
11146945262214 54
154031783022129 41
33090137266305 41
205210898693107 41
12096018143879 0
185781946221732 23
242315992061252 41
135460831840163 41
28854807338818 0
225535641425801 4
8930943477415 41
240905432621803 2
227757640112305 41
194865273643994 0
206307791113508 41
71779076935751 61
33575273334028 0
197802127964664 41
3333638712347 41
55778074120246 41
114796026193447 5
13089577002772 41
43661853014011 41
9761855768791 0
171315165346419 41
151489692779378 41
206912678699579 41
67501550372778 41
91580073533301 7
224747977648828 46
31562868201836 42
57360050229412 42
52544520028814 29
45536176973406 42
106194021887679 42
103956613696009 42
212494100320360 42
234232602934719 42
213399900384436 42
194243016783902 42
137979564171949 42
223101322717619 42
183924661487916 35
221970698471410 42
46804103333580 42
165308308229708 42
178495204517734 42
127118223527199 42
69026772156673 42
123939072790052 42
9829910945453 42
173089047908959 10
33432997526358 42
257667703047536 21
277756660427558 42
127833796478081 42
119364450975179 46
66509236163944 42
65305172511075 29
196019007556530 42
191865788200172 42
114889601998154 46
20022936536205 42
257487678566893 10
110740966910961 54
214321306005586 42
176938153014071 42
23148474238424 42
5420214356625 42
277398539537789 42
60398351060353 42
169892707125410 42
252514878858761 42
244695170586259 42
280821326925163 42
185498747655724 43
83322757370633 43
56438201510006 43
268278429749318 43
138604520887996 43
113218924545156 43
5111167051774 43
152060236022961 43
41007252906950 43
237389396828525 43
203791462104192 43
152827074811177 43
94974337278249 43
51781323984792 43
200254000447076 43
135108539302409 43
85963074146786 43
234106673011745 42
39633488115541 43
249853819967659 43
275857786734467 43
183186498160421 43
215941842052141 43
246744984659488 43
187290575880074 43
111801406518751 43
275533837848325 43
84111751731260 35
125217448718808 43
214843993533063 43
79634696502712 43
237780835547756 7
161473318012733 43
47079709899851 43
183168143343006 56
166355898887537 43
95565013990745 43
247400216641511 43
112339943329701 20
17973429367115 43
81071189120548 43
1153088343049 43
227391535466259 43
125059892564358 43
51799394600720 11
76828443214727 43
87299711067642 43
56701068313978 43
227989000826466 43
262957962172878 43
166809794449634 43
217555420464657 43
144481293488043 43
210786675023238 43
147410721209094 43
55591589136043 43
253352592481498 43
93715962172524 43
265501764920548 43
259770357988483 43
143260082470937 43
135066120854173 43
5456942803504 43
59608181057544 43
40109859459968 43
280229526988239 43
37872540230173 43
183934306049621 43
200360741904643 43
85678490238109 43
136166004436293 43
81905965605191 43
37116350061883 35
107396859769618 43
169346784426438 43
258061407012248 43
238486526889300 54
179960199307805 43
178635040440850 43
49679348325427 43
153726715974944 43
173826998300221 44
128755744914561 28
95418730554051 44
259407584323846 44
127934586835092 44
87768876142662 44
241913612907538 24
172499765076688 44
29265961252034 44
59324003370139 44
820197605288 44
218367273698960 64
120073786947901 23
259131919856557 44
37415382749551 44
75681614331948 44
168864226861431 44
45796913534445 44
35832026345887 44
126716541752838 37
73311489410288 4
7194897819091 44
49252963263916 44
270394893104531 10
209067813518504 44
227603156794243 44
278300389935782 44
5502680240485 44
267353133478319 44
177991781130147 4
143095581350553 44
231678786286129 44
178863497889785 44
264579231545449 44
132371394523456 44
69546276219507 44
92903004566437 44
55093257396670 44
246876510798723 4
9712932640681 4
150858683982903 44
8244973751216 44
174098419646604 4
140237186009369 37
146798675789971 44
5873657842289 44
263771343708477 4
215376736558013 44
107103457451824 28
191447329553948 44
186934112888192 25
107637100981096 44
217963051639700 44
214903704700697 44
3281026248189 44
239815153709196 44
269626327390973 39
151693083351210 44
129960171765016 24
21869623685044 44
145281621645110 44
27980757946599 44
256929869955436 44
155419091178679 44
44217527953113 44
54268757266206 44
209866568520934 44
192527185353946 44
208389956958477 44
178526997708316 44
100563958738125 44
258337882388326 44
176135001396112 22
178055889576180 44
261631741846983 4
131822322548186 4
20814254417665 44
186444091831696 44
153884796904906 44
189939718396657 44
135344350580215 44
10410543675226 24
236061733701418 44
277599651810911 44
42579079859528 45
13879683196425 34
208603427394299 14
222018299813104 14
127311587784391 54
245176984499765 42
19450778953538 45
269338679095071 42
11701325944183 1
208095305427815 39
223184041821877 45
122224796933367 54
184058132162975 14
234851334897617 34
134841160110227 34
60679794285542 45
151500989967608 45
167324736729373 14
133388783466568 45
220762021750668 14
280520347887537 31
181819010264294 62
123714783872627 14
165914646156194 14
226674605059421 45
223562163628426 14
277226423744809 14
174810536378468 42
246234878791777 14
27293687892340 42
58625457554267 14
41171169893117 62
56712339613256 45
29255189194335 14
102859686029658 46
263550670708232 46
87556564583133 46
177864428719341 21
277562541430082 46
118413546160166 46
50878896805104 46
188007551661736 46
278617812321148 29
186982699463526 46
161742618710503 46
260670373055138 46
103855820082298 46
76109246848320 46
53262439965093 29
268914131419851 46
228175104484138 50
10928609843341 46
178598531949898 46
28731955113697 46
77567095476867 6
180066649607382 21
168697276538795 46
93514439892565 46
248108256382892 29
199453251466014 46
149562386465593 46
7910326572558 46
38186015422733 46
204637724966615 46
61981910017351 46
209530878129273 46
203308359753772 46
84551079882539 46
55033370343640 46
231709166261548 46
86602890433455 46
95632511926766 46
75032414505415 29
100145283720480 46
183925592251762 46
21533036592077 46
157087166182552 46
166675371244946 59
13025592258914 46
150246411180643 46
36729596245851 46
6422418914983 46
147168705844367 46
13713622226057 29
205312565282417 46
78262946889368 46
66491786062549 46
180897666015257 46
233213466723313 46
162815987937884 46
155027015499912 29
17528957595853 46
188079528514444 46
241696182140319 29
190086793764314 46
80866758184632 46
168577769805399 46
5610056053537 46
215814832962882 46
29023501314155 30
276811168964061 46
227244369290566 47
148837760836762 47
139640784003736 47
80132616688908 47
59962669399101 47
46736161343683 47
51649992962343 47
164046346973822 47
157459831628982 47
61583511449780 47
154546951962919 47
208568695889968 47
99830330178519 47
229498804493975 47
136948636668884 47
113978988003315 47
17088272257531 47
116696595861350 47
92372367268514 38
16521110594368 47
179623970539694 18
208785508222751 47
213236583830658 47
231156865689536 47
33518350025018 47
140264575627581 47
154979292290311 47
227907022623670 47
267870264214788 47
161112462900039 60
249915783742722 47
3259295783398 47
16238860276805 47
49340278281636 47
267850524281615 47
207683046128032 56
259945276834766 47
202251765326344 47
150653999535159 47
265344450277910 47
19515141065617 47
165591468857045 47
57745472004941 47
16792101403894 18
147442122374240 47
190483539447912 47
18926823154120 47
188779850722431 60
218373553329097 18
194190260117694 47
214378177310710 47
55419001946816 47
221529727003656 47
189555572662486 47
10017948861179 61
102045598871442 35
139406368616838 47
260461976443396 47
57583637947353 47
224155256314128 47
36968803878242 47
11477556630689 47
254206306075128 47
159504699834612 47
258903297627007 47
219732764944322 47
242154685329374 54
13907609338154 47
198050316801673 47
7342345619200 56
77565992825252 47
30009763212434 47
116720104333684 47
150638575724264 47
162203481826046 47
37253060538250 47
110639657408897 60
33712496897395 47
266950839445348 35
86486041681620 47
193930164288480 47
205490682104883 47
243059443164731 47
243486264749791 47
168354791298068 47
262238138196665 18
172451542053022 19
219436566457327 47
14827618122132 46
247811961637916 47
162307519797587 47
127539388143839 47
165024043703832 47
169154127246860 48
194251989531496 48
26547980683560 48
103559249998224 48
46310887692389 48
50554494767565 48
113127301471779 48
63440521552996 48
93168788731044 48
235750502115582 48
240542109479029 48
209231295957178 48
49555428190822 48
119206166058283 48
52382738913059 48
19617844874070 48
251244556564149 48
86773109011019 48
55656157592264 48
218859010379812 48
278282021900526 39
162085479575634 48
225080510686874 48
212255233918126 48
266109980784305 48
89955042390406 48
169383713546385 48
10447805744176 48
92138884852256 48
202818249451614 48
180516317673809 48
43483350178133 48
137064602769713 48
126537956162588 48
88590459744963 48
150751290787184 48
275644391481700 48
76042661912564 48
202296209143092 48
259408698683163 48
196763682745061 48
73936114567109 48
117882731002979 48
184604989912401 48
129408246875925 48
248396863904501 48
58488687002984 48
105038134759684 48
160455707890853 48
62354556446016 48
47861563415954 48
45991936318409 48
33495128401131 48
194278845960887 48
144234601489558 48
56333533436096 48
214212451664318 48
90849681540484 48
59441412618696 48
17049227493403 48
253455884298024 48
176712728126383 48
119161688754911 48
78988278917884 42
152699367284833 48
59405193663223 48
179930519495802 48
226814366227504 48
205350570097441 48
15182903303622 48
233651756342288 48
131097974292891 48
192973810283601 49
278120359546607 49
42806621682656 49
220868166112943 49
156962149419651 49
98911242272594 49
81694514625813 49
153640530818142 49
244341631530537 49
157545049450448 49
166797707528754 49
84805107980146 49
243077718770718 49
35635059355509 49
65686627710618 49
6300766350987 49
61906305785167 49
139641732570656 49
32035253788972 49
280133583937278 49
170279517662125 49
224956958920320 49
239326983584574 49
107329161116896 6
64641869955988 49
236843080405415 6
229457586532920 49
258921827046822 49
74815037621514 49
115254434601414 49
118720975281165 6
96260783511719 49
89608437693322 49
56863351555936 49
197085996288224 49
1476754581791 49
169033886707169 49
277178809901080 49
200764353822091 49
228466610804938 49
105891173955019 50
135381396169228 40
129961069867502 35
259689567034948 50
148037319522830 50
244004002845283 50
200404308558532 50
128191446076703 50
96883126870268 50
86892062538653 45
30472246336350 50
203272124776282 50
143249044648352 50
256328768825125 50
180494532650427 50
106309361364610 50
140750614069374 50
198809390376343 50
214572466922658 50
136873623450783 50
170492974959651 50
141948255298477 50
146928764045941 50
158534255929940 50
124641381427375 50
221456977696401 50
47567980180891 50
119931011271070 35
98399056211737 50
164160576540454 35
242310988694602 50
14201741798580 50
97298493022794 50
108953234973146 50
90005426022108 35
780220533237 35
65594912862563 50
128845918030731 50
258463654100511 50
90445049059350 50
171992682466711 50
203874784116737 40
249176809522920 50
181383377130330 50
66323879059367 35
179387692515458 50
281110265360409 50
137243977620651 35
261200170218801 50
119599371730088 50
45162049465191 50
249208306311991 50
199742865171783 35
43426784674551 50
158923063461667 35
111295186012317 50
254272664850380 50
2131078934705 50
94833313240305 50
169108197311613 50
129700720417960 50
106684804582269 50
141998109619400 35
111402420405134 50
109959802819722 50
20021032309179 50
272447202862596 35
174764774327671 50
37281186838804 45
30496175461073 50
146853033155687 50
126639402137597 50
243787849232225 50
263611033686632 50
260981516850809 50
134837806568061 35
275848734207938 50
120556757217826 50
84172419907399 50
217429962681157 50
138479426550907 50
49925140914021 50
81051455845058 50
255781019167558 50
34012457625136 50
48111915173191 50
200603491484582 35
203951048952660 50
192833582587824 50
44087350290538 50
172178592631073 50
256898689389439 50
194493774057688 50
83252539470715 23
76297656791186 51
74530476374303 23
207614911389492 23
120833601483111 51
105824026343109 51
9603998851939 51
249220452654596 23
82930334256595 51
246277825929535 51
254220177556022 51
16689764341220 51
99975336411625 51
47220078847998 23
95008990869775 23
126482875142053 51
133828176608877 51
23645512707060 51
266531196795861 60
178510456049577 51
243852567869960 23
55573825805385 51
260022300632442 23
65078798860607 23
269414291988467 23
68776545794303 51
21613177515266 51
183959113018313 23
199960236502107 51
136973939060917 51
235356911277596 23
1702061110178 51
136935210100853 51
106142617357161 51
103617271618517 2
269948015375502 58
40909586058532 2
70145416854874 52
235649579865518 50
15388610474014 58
122119414542920 52
36272294916892 52
273207508442379 58
175501517080448 52
160087101225605 4
96076687231966 52
115427659494199 52
44278432323083 50
206155669730587 34
266722871145804 52
38950794461154 52
263848078214954 39
236480815524227 58
280322854955572 52
174148135889833 52
5963712711633 50
207586689152826 52
45121661948064 58
39463567035514 0
103829565689686 52
100296808415405 50
92748520469388 35
98400898459761 52
188174802408240 11
64465365039765 50
168952960400838 52
267287053946673 58
61474091638310 52
172179219569782 52
15245465923564 52
24747749428938 52
205200728003693 16
262276424050310 58
64652371262859 58
139087635226362 58
5723631283464 52
55995655038400 52
54467530273567 50
59255272584114 52
79332849396549 45
57065587813031 52
101957194148930 52
19949222646439 50
101605949802008 52
161019167235827 58
226383133599134 52
181701362249033 52
102706080436530 52
209031836344360 53
89004990340592 35
213919363729298 21
6388236024530 53
41343246319754 35
214603396195350 53
53257810056620 35
186262899301794 53
1036398016096 53
97301982328507 53
96893093325111 53
46482049358062 53
254813304533929 53
8981524038256 53
37609343393702 53
225211044606687 53
233654826134353 53
195989000832510 53
74285674378154 53
17387890705126 53
40260510591138 53
54560878967860 53
110752352307042 31
165852245591629 53
32386669696651 53
153543327187443 35
188863185056285 53
243384145356959 53
87775564404726 53
194371023416686 53
153205200314711 53
127788308018342 53
262764416618870 53
80467148740488 53
60873279746743 53
46104156597308 53
144834490344459 53
4188837679212 53
166520476415409 53
25480481286322 53
251699463452538 53
254056798630094 53
120662342104929 53
64367797443913 53
13453320239476 53
52154366887126 53
25022335001921 53
76418941530333 53
101275794526725 53
69336041617401 53
263850001953395 53
213177563829194 35
73825759037608 53
80908194823571 53
75602236088003 53
231331358095957 53
272297915489030 53
32909357062536 53
102692299819732 53
27954561907983 35
166170049080122 53
58478888861089 53
20435147839982 53
25521108134680 53
156783260159941 53
269487601979436 53
150073888163728 35
236439949163710 53
84576454904371 53
163739615936533 53
232507956912989 2
16025077068709 35
271553451963028 53
105439546241079 53
246670298455601 53
254261793460014 53
228435733507659 53
17593448808247 53
104077871536165 53
233190796815820 53
11016456495708 53
33472176804851 53
88524394168785 53
55976593802807 53
175464730132736 53
166540532726621 53
36161552715750 53
199780455505684 35
219248689892255 53
77657135495007 53
264227412934386 53
184084273171092 53
169204939689689 53
9280121753343 54
243468725037561 54
89009231837399 54
101393002055937 54
35257361963208 54
46720071425555 39
81629944109366 54
2532744225774 54
58686365339214 54
61199121088575 54
262906875863832 54
280540700909821 54
140802686314121 54
82569072872434 54
185706008260664 54
155969307848656 54
62365385546042 54
245459966571677 54
118495684203832 54
243256177956769 39
54893925585216 54
25208883307574 54
180717894121475 54
35064006469970 54
279164262868560 54
107759135241728 54
15435378574372 54
177267245240626 35
155760047407451 54
235156559897536 54
128743439146074 54
277360186576651 54
60979728780744 54
157805118693846 54
66602016968998 55
239389182447169 55
57809184885093 55
130690502775552 55
86844971916728 55
257612346812320 55
27652666522412 55
230234057765684 55
92400426496675 55
156429174811842 55
98654722632261 55
199043587482297 55
95978892916456 55
139635864710324 55
190068163997184 55
50658704534586 55
219203925762502 55
220885232770507 55
42278262736450 55
80661523469294 55
10134026113230 55
4243954773827 55
144194460961701 55
62659693698 55
164083617646881 55
21940339145753 55
39276065882058 55
24389982343286 35
151837466075913 55
258634181810866 55
903204030219 55
247845039038016 55
21676603467708 55
108478750057341 55
251002567483630 35
48201697818959 55
272355780102532 55
227076236914030 35
96163148975230 55
131721907690218 61
88568764962424 55
144272508979057 55
152244310893228 55
217464703745310 39
15321760135908 55
279894302295719 55
87948131574298 55
130614210213735 55
8911846659358 55
163781341421179 55
115178293675992 55
206334266410255 55
100663043223661 55
66206053264759 55
140899670268900 55
251027471727155 55
119802118479200 55
67424659940488 55
264617210600568 55
224894986867324 55
209542883940360 55
139619213200505 55
205547713696615 55
219337128882491 55
233195155677378 55
57541507916872 55
211111787570909 55
63965574568206 55
269501204187704 55
169814209580325 55
86441901653568 20
38538148574989 55
206063318911582 55
227133123848353 55
173305549041689 55
268290958109632 55
81452423714702 55
189674002910659 55
214473936913285 28
190248936017086 55
278698726956527 55
25402239180398 55
26278726295027 55
187410985290372 55
172037129918683 55
34785620574688 35
157590992585666 35
175174466960184 55
182211101237989 55
34090246750534 55
273102775654871 55
216716905425930 55
87787313653095 35
144303098174668 61
63003158044360 56
171324222383594 28
47486930499606 56
11665329739666 56
42245039354425 35
151288419835688 56
89375312808907 56
275091555896750 35
56346968055224 56
165654681891273 56
47828733167442 56
42692706587244 56
116624430563720 56
276593721748354 56
200764072808686 28
46113459448936 35
74269532734511 56
16042650089042 35
169014021401664 28
224421166314472 35
265417572201208 56
146558490348206 56
178710526276895 28
197301478297870 56
268438962192847 56
234269739324899 28
262386018785458 56
118159881227459 56
106818617710472 28
164773854348063 35
77537592200877 28
205765916689281 37
233003192222459 56
160513643113030 56
15622782199191 35
82113616247179 35
155932950632867 35
16904988311344 35
98708591077062 56
122207991452250 28
202855545703235 56
248800649796222 56
120913521142001 56
88955377244772 28
103671446878236 56
138955063269020 35
53799512942289 56
268093078020895 35
197533460655394 56
21689517205961 56
40312982023073 56
102107761675506 56
211475966854130 56
10120696142112 56
120141860450464 56
179284379066851 28
131544270433103 28
19286868223868 56
79678983204972 28
5774916659793 28
161269002278323 56
201281730571000 35
177211844081261 56
136843746945547 56
198553651065416 35
217510308405528 56
215083658853532 56
37383287657592 56
33547815347361 56
201260655064603 56
176074863494395 28
119394436813402 56
63310553175129 35
6218126545129 35
32545575299560 35
49638173244872 28
194614233832948 56
217399096304205 56
251795275847297 4
192566156759536 35
58069324559638 56
138356084079195 28
195154053580367 56
179236857468663 35
103616045384317 56
131416328443675 56
153715391962957 4
36130170378762 56
192431948660244 56
160189891818627 35
144908665262712 56
118554062755703 56
183946668780317 57
20148041049855 57
269363480632404 45
87097677475845 57
123064482131285 57
179413716149001 29
85916778814879 57
114657946818375 57
65832346407723 57
221597995881430 57
166940018547491 57
195815658120072 57
102751712170963 57
104994735348410 57
108248034603797 57
136715800697104 57
60994407038076 57
259121263868978 35
203699483063779 57
174589054199257 57
146769265843405 30
94717868479094 57
19595724010140 57
73261310267075 57
175455782417598 57
126667660804557 57
205352743264522 57
41867050550876 57
219868467831580 0
261104785909623 57
95263849785461 57
24018357285554 57
205289118442781 57
29557388739051 57
105433082178309 57
142242468730099 57
277596140443448 58
90561431838700 58
232892910990273 58
280476803967006 58
11265676904265 58
33803412310656 58
202193622480971 58
112143776339787 58
99494842783879 58
191768556937749 58
147255725252828 58
173089202762347 58
188506350393679 58
50128622137337 58
45177774637358 58
67111792472559 58
156157019879744 61
153803260035078 58
176383763274346 62
150854617835556 58
76613315195166 58
239867574756649 41
263232478368865 58
256185557216966 61
22611128109930 58
134626705997619 34
31994519985488 27
140139702478142 58
150346408997614 41
178177239732869 11
5432122310128 58
64582615835574 58
172713786142023 58
129892327700610 58
227359842462967 58
14883052081266 58
265155836316354 58
89410889624553 58
107948305746478 7
219000318597714 58
19166452803969 46
167233481692327 58
159025951956675 58
208311111747950 58
39637642967315 58
81496079058405 58
46600522326703 58
64911146674893 58
192613283501266 58
46151628577262 58
47586978340442 27
212034403608850 61
5885922896142 61
55770949680574 58
140772078309707 7
8162090445817 2
3875486422811 59
198750191662848 59
277262718909998 59
246170068042354 59
125257092413107 59
263725182334112 59
36950029425423 59
18326673593724 59
125557190615137 59
241136003831097 59
21165877130850 21
116098824779831 59
102189479188964 21
165863922072173 59
37609249799907 59
5693926792640 2
220661899998530 59
234684237501301 59
62130812688498 21
24981704953339 59
269825914743867 59
177423885551972 2
264997350041827 21
166809259625448 21
203430847238473 2
55393283688374 21
39192331300248 21
75616077151223 59
86794705825744 21
207525621053610 21
193393138036451 21
124079484344306 59
23817600038447 59
179251221199490 21
188408792513490 59
224472839632759 59
222672469540522 59
243628048277264 59
258593152723211 59
47661386788767 59
156112812055495 59
27398110971338 2
113910609543996 2
226221977470736 59
149714607545308 2
45593907683671 2
189170299862454 59
71679048710733 59
230267627228157 59
74946441511982 59
120888679541796 2
249962381353836 59
65189163758006 2
13201067162326 59
58461438491199 60
22069237258924 60
263758219618035 60
213832989637399 60
194099845402318 60
12113129507986 60
31150818555364 60
8935632323489 60
278181484836966 60
56633656662050 60
198526998032616 60
125688373039371 60
216852130799447 7
53331412507138 60
208529920725050 60
148021488789468 60
153084857848664 60
115651442643165 7
48327098119587 60
278456843802652 60
77237307434306 60
110000382827383 60
232672078961821 60
254771175200916 60
245128127287886 60
178277707004784 60
269801500886771 60
44455617731314 60
248550367246239 60
255809425036458 60
124046874840287 60
3004994553449 21
153052182210000 60
274894647750043 60
214133140660548 60
186472550133193 7
267828939167792 60
240491849321491 60
257368549470586 60
180681642873497 60
220309103052734 60
78930250538768 60
44107459893187 60
244816534950984 23
254559379369102 46
16548545020747 60
58999396125142 60
45441232340589 4
106694938188199 60
165326561511264 60
94634411329749 60
147121655370387 7
119596406201218 55
178317517673805 60
225865263514822 60
162158453455339 60
233893875519730 15
125504888694534 60
157744000305402 60
147612630528421 60
62299570247412 60
93988443046070 60
94266189710846 7
174819170851159 60
2816887384402 60
244084360276341 60
195385145356000 60
254402587963203 60
156421038980305 60
148706427722594 54
177761529871437 60
68263115451389 60
21694400175612 60
88035099451818 60
222280264416624 61
200794678916396 35
21886657776738 61
205441273919867 61
18404678267311 61
268973213493529 61
131132194856944 61
227154937259353 17
224312797971762 32
106311366189523 61
195305460481918 61
221998211133617 61
277206182535561 61
208959767350483 61
28744678342292 61
269923040733528 61
244598504095721 29
242031751389168 0
247559925471798 61
76435242008886 61
132623591822996 61
66077600671920 61
42272331548388 2
11743210869354 61
2705484670778 61
258081207978950 7
207684482853705 22
59636090509446 61
107517598468924 61
6204261833541 61
111999173875315 61
117161376495564 61
108152674664257 61
50788469783266 61
236204077607861 61
214765353419990 2
131138311115153 61
13997674793829 29
25978766594303 61
210610950517065 61
53804775797437 61
172002943599202 61
139062556103395 58
180712738961233 61
179277700531597 61
198189652539850 61
272006336710579 61
254647685805487 62
258371149909790 62
61030327762096 62
145907694772766 62
69324551933982 62
159718442141342 62
194537443022617 62
252070615509227 62
273136329325275 62
75128228962940 62
207121463394346 39
170772665620277 62
853742273283 62
165501980330286 62
219302007154697 62
91544503431293 62
112272781754604 62
15684195820370 62
87425496617268 62
195372115660992 28
155809659097917 62
61449241352473 62
223653559145752 62
120726623126315 62
65799625754713 62
192468595372209 62
238417890282790 62
60670387314118 62
161947346794822 62
142192639281106 62
44718358975409 62
244458433550882 62
209683995283205 62
24341430185173 62
168431462209756 63
275910894701614 63
32921205109009 63
262672457674123 63
268647690657150 63
223620254588974 63
102674687856324 63
218076426431139 63
187042697077367 63
144983002305805 63
278760863356216 63
56732294527467 63
214995014087045 63
144992318750759 63
167199707987723 63
78529451096053 63
54480877266680 63
177088791707022 63
120244541927744 63
222756890468929 63
67799894341051 63
274228691182486 62
30948159938428 63
154582260747862 63
217586288519743 63
269673484612893 63
268826498264500 63
191254995617034 63
71827794713684 63
94769713690 63
219707592402182 63
219143882086490 63
17181882027214 63
6853876366406 63
251603071809991 27
190688843767818 64
60921938075507 27
72915470096086 27
23914751944396 64
194633469348806 14
215536192819860 64
247177302535048 64
183714904902188 27
236629806878798 29
258160869901502 35
236117302613368 14
250921286750550 27
63166554264457 14
80550406102212 41
92009892762266 45
217872925868931 64
53451588618742 64
16186889876087 14
15418347277361 64
133396662428093 64
131843681382060 64
149821946385518 45
186741200121139 14
36336610280771 45
127462796269832 64
241682063559740 27
143284201997339 27
61382924334011 29
49833898720394 27
113335147985366 27
175695901282939 27
192310889947314 64
252106795273690 27
79686846728882 45
159477759873249 2
48892919471079 64
244114343462696 64
7746775707781 64
10304884265305 64
107880112010895 64
174674049828321 27
180356157452196 64
186851820785493 64
3174501836760 27
122226360928216 27
141774236864349 41
51260102805671 45
210015237828603 61
230786342263357 64
113489343926772 27
177449664915485 45
245190217411520 27
89503176043907 35
216078668430409 64
110371683610079 14
60722052561685 17
24395711022213 64
252788228333213 27
57561615184571 27
130549337065323 20
12651639258198 64
116803556735087 27
73195218343637 45
37854445606116 14
258378671985797 19
110214533027432 0
177835704533777 0
105986545577992 0
256704706521925 0
255664617026960 0
57891441567460 1
194435421299491 1
17888523288308 1
81951452871850 1
75775124835234 1
124371963376860 1
28198128627577 59
189745531913996 2
116705291317138 2
13041338206247 2
244006115500787 2
65390671164786 2
179453620437092 3
253622621228405 3
74348745834603 44
12272500248627 3
2498203023770 3
255500746128654 3
2708534092398 56
229600004005886 4
153869029346399 4
135377463634814 4
58239750193465 4
96858719630920 42
164510889705894 5
90202979500518 5
190052011832372 5
125308154877666 5
78824423350373 5
110307576214868 5
87868527376142 6
141469252185061 6
5795424498400 6
226936989500127 54
108354818364585 6
279401391959478 6
173292295920057 7
237129285229703 7
219746858835229 7
386152504965 35
5517016410460 7
48730272700366 35
69368090892514 8
156980422688755 8
205176684369036 8
75032552917021 8
129520186414718 8
21340932154570 35
21428673682729 4
229426837165672 4
93787734377948 4
11534763190213 4
45568931539311 4
268656693181321 4
187910458914233 10
223155687481298 10
43569622031843 10
121253979824484 10
126103610050221 10
117485021024894 10
35180522756553 31
161837853912908 11
128938752825721 11
61630708879767 11
39347065156440 11
189342749845662 11
280701843090292 12
101429846930710 12
206610084387085 35
95544509471535 12
223962470004260 12
189921383969649 12
147121837167500 13
232277049014805 13
23765690342619 13
169479649735204 13
86179102753655 13
235139799923912 13
156896515701153 14
99328003424073 14
112175459284279 45
199823169444691 14
276201914724865 14
168686729399383 14
214803368228291 15
276008460963832 15
251789495967737 15
181570002458017 15
156966794408849 15
138496412496993 15
128317896028853 16
229757298596710 16
80246116319239 16
263585329251695 16
225493846120109 16
104992902200117 16
49508776469273 17
242301269737513 17
128996709077014 17
108190769260581 17
277607444416760 17
21883286502578 17
259721455787341 18
103239037547391 18
92398086093300 18
263791036725468 18
165226186044735 18
264355423897718 18
44370579424573 19
27625714913605 42
46414870079184 19
218738079952973 19
173074243662299 19
219008018348335 19
18021581686312 20
252419127384998 20
229586745446268 35
239434690398577 20
153651445855052 39
55393096452930 20
64714936320191 21
217955076291049 21
253786523433677 21
126552051840624 21
254336802120628 21
158157282995325 21
18399085005258 22
95510113740926 22
220611051223985 22
118955826460012 22
98487795202008 44
7634510521275 28
74941538324112 51
93096820435462 23
166196810056670 23
137828335700310 51
247561577510492 23
50969392502012 51
44615647354590 24
86489588415033 24
188251459438849 24
71767923696593 28
46733512247691 24
96316418236538 24
228432058047970 25
49428258714481 25
64242647465605 25
160263997045059 25
167092356748053 25
120256522653261 35
241603341599981 28
253143864013490 26
95429502537201 12
270432521843719 26
71395980283841 26
156227010874755 35
134341889080039 27
185136644216731 14
145385714444647 34
227795142529079 27
128333935256796 45
215324615435151 14
22747994663676 28
31341309432620 28
147685194469945 4
136329059297575 28
118526000392581 35
223167515538853 28
6606217530601 14
233721689413877 64
271955373193044 14
257876710416660 29
188661423613816 29
74422954166616 46
43926843054589 30
168305842022276 35
172703998459383 30
36984034936818 30
163279088285404 30
170665589625620 30
39414178726113 31
154937061723906 31
186228896304337 31
202842540916516 31
8015118387686 31
178440494230846 27
242910716813509 32
234247180779336 32
58385457254008 32
145057515131505 32
211574465079788 32
222847642377942 32
258372571088783 33
240526542261178 33
234521598407167 33
239990849121972 33
73921860202109 33
169215424260766 33
246806680132554 35
125094839314825 34
127818755979393 20
16112144713487 4
162203002679594 34
146559916305432 34
3410671272684 35
102283161704656 39
264703253247873 20
242459069410887 35
13653431843932 35
217583331201576 35
130986527914239 36
100221481654751 36
32131298212389 35
154562577069266 36
260578810781508 36
221639545667002 36
146001443060857 37
99628466421979 44
205468925926460 37
90862592278494 20
72035770279304 37
189986122948031 37
184915626506436 38
64912766108113 38
117414882440234 38
254697761479125 38
11873927417789 38
86657466609003 38
226779610047186 39
142549750082280 39
266545622044221 39
93033007438740 39
72479117548616 39
69573704049294 39
28076914527943 40
157868220226926 40
55073636698536 40
19567229701903 40
26191909852947 40
64230386509260 40
204000040405880 0
74451012220643 4
51922869813127 41
75646503859877 41
167096477128378 0
94382040455462 41
242560954336687 42
150758945574406 42
264641521698330 42
161096597142933 42
42481718314547 42
182723285387397 7
234513542100385 43
205882756257469 43
203294228325928 43
234183069001158 43
130255363297214 43
191048251879517 43
55765455495757 44
112173188562094 44
109011718085225 44
272210509068521 44
198555876698833 44
17408891296662 44
201701634651694 62
162044773869293 4
109081998452831 14
224274145153939 62
116011070979544 31
54611766015667 45
102145803646327 46
241595029186283 46
248311885168148 46
15446174635626 46
193219089202481 46
201427170528241 46
106150391513030 47
135311134092194 47
22587348374156 47
280254187170024 35
89868612654072 47
139887001349763 47
11684033202367 48
117548805633116 48
102773352114917 48
232467541103741 48
109445482955578 48
56300916016402 48
175407091616351 49
180074721077428 49
59004594589244 49
148056132227236 49
221394147740099 49
223707549971076 49
249803284332189 50
258547488782754 50
208622580202010 35
190222616845926 50
274223524305892 50
160258676617905 50
229240436880243 51
198087485441230 51
102068291576283 51
256132715421655 51
92396726019478 51
109782764480791 23
231807525400850 50
103494341406754 4
178714755345390 58
191449871516648 52
39948685462032 52
190426414040981 0
104503228017257 53
153400389421305 53
212114865059922 53
274734851265511 53
121077375654554 53
139888260552901 19
263915973571158 54
281107121500635 54
69510061001229 11
175722988043260 54
217486501306942 14
98526534392712 54
44468431029528 55
236909202615328 55
247813445274422 55
115229591049276 55
248810489071879 55
109836060773601 55
149036866000416 35
158533521321050 28
8822289615265 28
212107056795303 35
124798604857727 28
251136389042221 56
86153772095644 57
50738701584998 57
171816251392994 29
19472895330434 57
98942300634142 57
67262138222856 57
128770443432807 58
269170248671593 61
18087840774635 58
201659414932871 58
232753635984238 58
11921156332354 1
120453865254902 59
171761855124041 59
167725670263077 2
198177585673283 59
197195933718977 2
277880353615188 59
11712915594070 60
212921171092133 60
85015320547388 15
169680100194848 46
183944372929212 60
233597003348993 62
208084863715972 61
191052563075789 61
76346440213707 7
226061371601007 61
41538096420592 7
52626015632992 61
253073696897705 62
224143094111282 62
243023568569485 62
227229948098617 62
75485962025360 63
196612082351512 62
213418385305183 63
200670687993693 63
103447234799483 63
182642776669457 63
81145767115238 63
187421046832098 63
224387596747108 27
128150220770840 27
6683615363554 35
24807630112501 64
239824650628568 64
257586709420601 35
